0	2539342
1	2644211
2	16542250
3	17378282
4	6197420
5	6681951
6	17785792
7	17408992
8	10183502
9	5206361
10	4732352
11	17053581
12	19550960
13	9753761
14	17564530
15	18658520
16	19069700
17	1021400
18	17475651
19	2593782
20	3787080
21	5496182
22	6250441
23	16837321
24	17000951
25	17086500
26	2515851
27	3071210
28	5147400
29	6434540
30	10470752
31	16584681
32	17997531
33	18369522
34	20107952
35	3038731
36	7871901
37	7890172
38	7977451
39	15191132
40	15657071
41	15991760
42	16665782
43	17079651
44	17867112
45	17961012
46	19900831
47	503392
48	6861911
49	934981
50	981581
51	1123541
52	16733141
53	2794172
54	5003820
55	5301801
56	5716382
57	6268771
58	6385192
59	675100
60	7913172
61	1014732
62	14952980
63	15630800
64	16403352
65	16838901
66	17370682
67	17605431
68	18564240
69	2721970
70	2762212
71	3035631
72	3184311
73	5179521
74	5237802
75	556630
76	6874991
77	7909401
78	8639661
79	14233840
80	14876970
81	15228550
82	15666510
83	15817262
84	15982010
85	16122231
86	16767081
87	17567902
88	17615970
89	18019910
90	19741720
91	2459772
92	5040000
93	5070672
94	598680
95	7862642
96	8012480
97	917660
98	948521
99	966732
100	991251
101	14991781
102	16014532
103	16201012
104	16418432
105	16994080
106	17504841
107	17663432
108	18049751
109	18363352
110	18433192
111	18659272
112	2854702
113	2866160
114	2912871
115	4982042
116	5133852
117	555461
118	556530
119	6717981
120	940920
121	975232
122	13380272
123	14891242
124	15537001
125	15599530
126	15873701
127	16166472
128	16219452
129	16261730
130	16417251
131	16560732
132	16581250
133	16599081
134	16829722
135	16958790
136	17018771
137	17221692
138	17283332
139	17406640
140	17722830
141	17811930
142	18178601
143	2334260
144	2827450
145	5534672
146	5749080
147	5989561
148	6288012
149	6294610
150	6744872
151	6854641
152	7970590
153	8805101
154	15485700
155	15874522
156	15991072
157	16338960
158	16541410
159	16660381
160	16797731
161	16810791
162	17074640
163	17161550
164	17652271
165	17820651
166	17937961
167	18193672
168	18688550
169	5159011
170	539902
171	6067561
172	6450741
173	6513921
174	6585371
175	680740
176	7982031
177	8002762
178	8061510
179	8068632
180	935782
181	1013562
182	15108462
183	16086900
184	16156881
185	16416172
186	16494660
187	16512041
188	16542762
189	17418500
190	17929071
191	18320872
192	18481171
193	18978840
194	19052640
195	19117571
196	20324501
197	2476022
198	2854052
199	2902301
200	3014251
201	3248682
202	5016492
203	575762
204	5988781
205	6330191
206	653050
207	6604660
208	6839790
209	7998612
210	8618311
211	8628100
212	8782930
213	903740
214	981741
215	1017022
216	12323790
217	12784661
218	13109922
219	15026610
220	15316330
221	15429010
222	15619921
223	16034222
224	16311102
225	16435971
226	16832141
227	17055192
228	17160402
229	17276321
230	17311930
231	17414671
232	18261870
233	18359871
234	18500441
235	18691971
236	18711951
237	19106270
238	19560270
239	2356121
240	3589332
241	4980931
242	593530
243	5973520
244	6266740
245	634152
246	6582611
247	6720752
248	7857830
249	8084180
250	10278010
251	13693511
252	13839892
253	13863081
254	14223881
255	14233482
256	14315301
257	14846982
258	14853082
259	14868481
260	14869001
261	15736852
262	15875622
263	16014142
264	16312321
265	16346202
266	16605560
267	17030780
268	17398641
269	17737932
270	18307580
271	18406471
272	18576130
273	18658881
274	18662182
275	18987432
276	19013622
277	19820911
278	19849271
279	2358041
280	2400501
281	2402662
282	2964792
283	4974080
284	5041901
285	5065740
286	5072482
287	5373680
288	5469641
289	551481
290	5785140
291	6002691
292	6028090
293	6071642
294	6158551
295	6240912
296	6243620
297	6271351
298	6764751
299	679642
300	7952340
301	7973040
302	7978991
303	8015981
304	8056062
305	8633792
306	8716132
307	960412
308	968440
309	1010702
310	1151350
311	12859642
312	13823502
313	13989811
314	14136052
315	15271352
316	15664822
317	15899142
318	16119451
319	16455952
320	16496960
321	16612110
322	16687301
323	17230390
324	17263201
325	17606861
326	18038602
327	18038941
328	18106740
329	18163292
330	18209472
331	18322022
332	18885320
333	18910122
334	19736780
335	2501652
336	2652481
337	2900961
338	3123271
339	471710
340	478880
341	4962510
342	501640
343	501690
344	528472
345	540481
346	5497770
347	555150
348	5625272
349	5774021
350	5863061
351	5954361
352	618132
353	6393480
354	6691561
355	6858771
356	7566700
357	7893242
358	7908492
359	7960000
360	7962532
361	7974780
362	7981300
363	8000082
364	8038342
365	8047902
366	8619001
367	8630922
368	902722
369	944210
370	944682
371	971161
372	971332
373	988872
374	13129002
375	13152012
376	13566261
377	14063152
378	14165400
379	15002322
380	15653882
381	15782731
382	15923572
383	16259522
384	16303631
385	16474382
386	16520220
387	16531220
388	16856702
389	16870972
390	16895280
391	16951440
392	17068051
393	17592800
394	17690240
395	18039571
396	18309141
397	18377760
398	18479651
399	18482540
400	18484911
401	18544260
402	18683460
403	18709252
404	18930491
405	19007901
406	2336442
407	2846840
408	3214231
409	3247760
410	3345890
411	3552200
412	461672
413	462640
414	4781800
415	479790
416	4967661
417	499322
418	5060352
419	5225360
420	5363110
421	5440831
422	5687460
423	599272
424	6004272
425	6040671
426	6271121
427	6568511
428	6711851
429	7528110
430	7860510
431	7898432
432	7919761
433	7996271
434	7998991
435	8032622
436	8045140
437	8087402
438	8613892
439	8636190
440	8642551
441	8794762
442	923742
443	941230
444	995092
445	10090450
446	14137330
447	14173720
448	14931880
449	14933250
450	15036621
451	15072781
452	15431261
453	15464051
454	15510111
455	15683642
456	15722740
457	15751910
458	15980842
459	16075121
460	16087330
461	16169031
462	16171620
463	16521731
464	16683961
465	16762562
466	16787192
467	16841680
468	17165081
469	17336992
470	17427842
471	17454351
472	17565040
473	17684031
474	17925581
475	17946390
476	18194761
477	18250401
478	18325470
479	18466951
480	18481200
481	18594430
482	18729702
483	18859842
484	19825400
485	20148062
486	20247621
487	2359380
488	2444801
489	3082241
490	3171180
491	455790
492	4789192
493	5102600
494	5146211
495	522190
496	5227392
497	5533360
498	5663561
499	5694652
500	5781372
501	602400
502	6030181
503	605930
504	6144980
505	6694101
506	6762530
507	6819791
508	6842011
509	6843030
510	6868992
511	7563800
512	7851070
513	7874541
514	7979431
515	7987731
516	8028482
517	8057610
518	8634192
519	914792
520	918892
521	962492
522	970482
523	997161
524	10220292
525	1023090
526	12837271
527	13571702
528	13921990
529	14068462
530	14204402
531	14865071
532	14905390
533	14952630
534	15056522
535	15067350
536	15123972
537	15211081
538	15248732
539	15303200
540	15339670
541	15362420
542	15400060
543	15487141
544	15824602
545	15922122
546	15962022
547	16026001
548	16063540
549	16153800
550	16659660
551	16703182
552	16756511
553	16915362
554	16961051
555	17188630
556	17208311
557	17254270
558	17271300
559	17366600
560	17474332
561	17502040
562	17684001
563	17699931
564	17712412
565	18025161
566	18026682
567	18081840
568	18331972
569	18351020
570	18390672
571	18608640
572	18656691
573	18773590
574	18963630
575	18980702
576	18999012
577	19024341
578	19063410
579	19084110
580	19543410
581	19747670
582	2329891
583	2369062
584	2436200
585	2505291
586	2659310
587	2684532
588	2722092
589	2740762
590	2895860
591	2980762
592	2986671
593	3121730
594	3200870
595	3331760
596	4740021
597	480060
598	483730
599	4959930
600	530440
601	5321141
602	5371710
603	5387721
604	5466541
605	5669550
606	5894602
607	590460
608	6009632
609	6028932
610	6129162
611	6252151
612	629380
613	6351620
614	6357630
615	6445571
616	6594890
617	6611422
618	6638962
619	6774181
620	6789860
621	7560301
622	7906580
623	7907131
624	7930982
625	7931871
626	7957971
627	7984690
628	8002191
629	8038412
630	8051780
631	8136641
632	8630141
633	8790200
634	915350
635	952941
636	962401
637	13350412
638	14069522
639	14160190
640	14162590
641	14789632
642	14864311
643	14960510
644	14983672
645	15028290
646	15046531
647	15086241
648	15129911
649	15215262
650	15223091
651	15264542
652	15418701
653	15592552
654	15631050
655	15672551
656	15861302
657	15950720
658	16341290
659	16378691
660	16444620
661	16502371
662	16570240
663	16686531
664	16829882
665	16835312
666	16913080
667	16917962
668	16975782
669	17063700
670	17167431
671	17247090
672	17275332
673	17390731
674	17445681
675	17655691
676	17693471
677	17754712
678	17803010
679	17853532
680	17889762
681	18054792
682	18192820
683	18216530
684	18328570
685	18438841
686	18477090
687	18500690
688	18641872
689	18654580
690	18697240
691	18946311
692	19123751
693	20012572
694	2506810
695	2522801
696	2546521
697	2857590
698	3197152
699	3390990
700	463760
701	4798922
702	4806221
703	492411
704	5072980
705	5092181
706	5700961
707	5703581
708	5918041
709	5944140
710	6059280
711	6144181
712	6553080
713	6637032
714	6706661
715	6713070
716	6769582
717	7876111
718	7877262
719	7877632
720	7905741
721	7915422
722	7935381
723	7951241
724	7965771
725	7988472
726	7989321
727	7992452
728	8021020
729	8041900
730	8060622
731	8124950
732	8134072
733	8638142
734	8638240
735	8798231
736	946301
737	971552
738	982221
739	1004560
740	10443601
741	10773501
742	1150761
743	13166262
744	13406941
745	13665640
746	13730050
747	14329231
748	14832672
749	15475472
750	15477431
751	15577582
752	15581262
753	15768461
754	16036341
755	16140721
756	16193140
757	16304391
758	16431890
759	16444650
760	16503671
761	16509522
762	16529891
763	16572950
764	16651201
765	16735550
766	16735621
767	16756332
768	16764270
769	16832080
770	16891282
771	16909782
772	17141332
773	17190780
774	17207790
775	17329061
776	17421151
777	17521520
778	17554710
779	17572822
780	17674062
781	17745722
782	17773791
783	17801982
784	17803700
785	17879881
786	17918341
787	18199102
788	18237570
789	18276382
790	18312280
791	18350311
792	18683911
793	19100372
794	19630211
795	19653830
796	19714350
797	20018411
798	20069121
799	20196542
800	2408720
801	2455281
802	2467750
803	2494920
804	2503690
805	2524610
806	2707370
807	2829980
808	2912041
809	2915830
810	3007741
811	3084372
812	3107422
813	3155911
814	3229602
815	3279491
816	3419081
817	3506352
818	3725710
819	4965662
820	500390
821	5203070
822	546371
823	5479621
824	554190
825	566561
826	5881272
827	5965332
828	6242390
829	6246372
830	6248972
831	6382651
832	6680592
833	6883040
834	700461
835	7519192
836	7548302
837	7850281
838	7856310
839	7867102
840	7877551
841	7882641
842	7906201
843	7906670
844	7913282
845	7921660
846	7956170
847	7961222
848	7998592
849	8008962
850	8028910
851	8123151
852	8632201
853	8793390
854	889531
855	897880
856	912430
857	929292
858	946222
859	984480
860	994341
861	10151642
862	12778862
863	12924472
864	13070862
865	13806021
866	13851302
867	14149880
868	14166591
869	14207361
870	14920671
871	14994332
872	15050521
873	15094351
874	15236282
875	15674502
876	15870030
877	15942940
878	16061632
879	16137912
880	16155002
881	16160931
882	16195320
883	16360371
884	16391270
885	16409172
886	16542002
887	16548301
888	16577561
889	16723470
890	16812831
891	16901140
892	16903630
893	16935350
894	17165942
895	17324242
896	17346160
897	17614940
898	17874980
899	17925351
900	18000912
901	18048520
902	18107920
903	18157462
904	18244881
905	18362832
906	18368661
907	18380450
908	18389572
909	18418722
910	18630591
911	18655172
912	18695022
913	18760731
914	18836461
915	18875090
916	19539541
917	19792891
918	20280631
919	20325201
920	20340382
921	2379032
922	2469561
923	2574660
924	2663720
925	2755301
926	2850390
927	3011470
928	3131151
929	3143351
930	3346411
931	3387090
932	3415732
933	3498112
934	460422
935	465321
936	465322
937	4798001
938	4802722
939	488501
940	502200
941	5100890
942	5217312
943	526201
944	5401651
945	541481
946	5453832
947	5480921
948	5482561
949	5483800
950	550501
951	5540350
952	5542021
953	5666200
954	5776111
955	5779120
956	5782602
957	5946741
958	613221
959	6150721
960	616390
961	6203801
962	6256020
963	6506481
964	6578280
965	6646020
966	6775440
967	6828812
968	7850852
969	7859090
970	7919310
971	7951800
972	7973290
973	7980500
974	7992031
975	8005071
976	8009031
977	8009081
978	8014441
979	8077240
980	8133341
981	8615042
982	8632920
983	8716331
984	972070
985	977810
986	1011300
987	1011732
988	10219022
989	1022042
990	1138822
991	12837472
992	13313980
993	13485681
994	13486321
995	13742700
996	13892722
997	13961352
998	13996632
999	14030340
1000	14918932
1001	14994760
1002	15206190
1003	15208381
1004	15263132
1005	15273992
1006	15374942
1007	15444472
1008	15753530
1009	15822790
1010	15870720
1011	15881371
1012	15918350
1013	15989582
1014	16019492
1015	16046632
1016	16133562
1017	16286020
1018	16310982
1019	16328230
1020	16328641
1021	16329941
1022	16336830
1023	16340540
1024	16350642
1025	16363471
1026	16393512
1027	16430130
1028	16469580
1029	16509181
1030	16523150
1031	16580152
1032	16607151
1033	16662830
1034	16730730
1035	16778731
1036	17035332
1037	17113092
1038	17401141
1039	17583552
1040	17766421
1041	17812750
1042	17883912
1043	17902671
1044	18186132
1045	18334011
1046	18452400
1047	18498162
1048	18592451
1049	18709522
1050	18723921
1051	18760111
1052	18954210
1053	20168010
1054	20291491
1055	2356290
1056	2359652
1057	2417720
1058	2522092
1059	2530010
1060	2590151
1061	2590650
1062	2610092
1063	2728362
1064	2762091
1065	2789411
1066	2848350
1067	2919581
1068	2989611
1069	3058212
1070	3076982
1071	3093611
1072	3279490
1073	3316321
1074	3623682
1075	3738271
1076	458012
1077	459180
1078	465390
1079	468952
1080	4738421
1081	4885211
1082	5094040
1083	5244532
1084	5296932
1085	531891
1086	5319300
1087	5336151
1088	5466162
1089	5549460
1090	5589070
1091	560841
1092	5735931
1093	5765280
1094	5820851
1095	5830580
1096	5848071
1097	5855250
1098	5937690
1099	6051382
1100	607970
1101	6110122
1102	6185372
1103	6192351
1104	6193572
1105	6273160
1106	6306601
1107	6363600
1108	6411312
1109	6439280
1110	649531
1111	6510241
1112	6572600
1113	6784241
1114	6849341
1115	7522812
1116	7857462
1117	7881821
1118	7904100
1119	7945260
1120	7974662
1121	7988301
1122	8001370
1123	8046561
1124	8074950
1125	8126680
1126	8630600
1127	8757831
1128	8802362
1129	901112
1130	927781
1131	930720
1132	977790
1133	1006090
1134	10148122
1135	10574501
1136	13293821
1137	13952081
1138	14400412
1139	14799391
1140	14832682
1141	15156041
1142	15180171
1143	15279160
1144	15344341
1145	15370502
1146	15391752
1147	15584472
1148	15596822
1149	15656300
1150	15737680
1151	15742041
1152	15822342
1153	15995761
1154	16015522
1155	16147620
1156	16242671
1157	16244390
1158	16258512
1159	16392900
1160	16478831
1161	16529552
1162	16555042
1163	16599680
1164	16607991
1165	16634200
1166	16740061
1167	16794850
1168	16826050
1169	16865480
1170	16899280
1171	16901972
1172	16946852
1173	17046410
1174	17055372
1175	17134530
1176	17142132
1177	17215100
1178	17268792
1179	17302022
1180	17335982
1181	17369741
1182	17373612
1183	17466240
1184	17567050
1185	17585040
1186	17625200
1187	17627481
1188	17666690
1189	17682811
1190	17683702
1191	17732742
1192	17790302
1193	17824852
1194	17932102
1195	18217010
1196	18231580
1197	18282212
1198	18285071
1199	18313301
1200	18391250
1201	18501631
1202	18793270
1203	18821011
1204	18855930
1205	18856970
1206	19068070
1207	19081000
1208	19082360
1209	19626571
1210	20070632
1211	20262720
1212	20293082
1213	2345940
1214	2349760
1215	2379432
1216	2523911
1217	2531440
1218	2569991
1219	2655531
1220	2781441
1221	2808842
1222	2874582
1223	2907281
1224	2968172
1225	3126412
1226	3169862
1227	3452600
1228	3471291
1229	3664271
1230	455381
1231	4795302
1232	4824200
1233	482811
1234	508631
1235	511810
1236	518640
1237	5204622
1238	522810
1239	530040
1240	5336520
1241	5350660
1242	5438042
1243	5524280
1244	5567242
1245	557642
1246	5617320
1247	564012
1248	5663441
1249	574291
1250	5800330
1251	5834441
1252	585131
1253	587361
1254	5908590
1255	591562
1256	5974281
1257	599622
1258	6007561
1259	6033102
1260	6164760
1261	6372291
1262	6384450
1263	6511850
1264	6639631
1265	6641612
1266	6686112
1267	6748422
1268	675080
1269	686931
1270	6872792
1271	719611
1272	7573880
1273	7849531
1274	7902930
1275	7936880
1276	7957682
1277	7964061
1278	7984371
1279	8009532
1280	8154122
1281	8620550
1282	8628232
1283	8802940
1284	895751
1285	909171
1286	927981
1287	943512
1288	943531
1289	981251
1290	985680
1291	989572
1292	10642380
1293	12880080
1294	12951072
1295	13003100
1296	13124562
1297	13433460
1298	13505261
1299	13546682
1300	13564690
1301	13653262
1302	13812342
1303	14219660
1304	14793401
1305	14842452
1306	14859060
1307	14981452
1308	14999340
1309	15045701
1310	15055970
1311	15105020
1312	15332580
1313	15431502
1314	15439510
1315	15520600
1316	15533062
1317	15536502
1318	15612430
1319	15648810
1320	15672830
1321	15775400
1322	15775891
1323	15802320
1324	15813112
1325	15820851
1326	15839482
1327	15867142
1328	15948450
1329	15955930
1330	15964250
1331	15988660
1332	15990892
1333	16010071
1334	16024892
1335	16039672
1336	16091700
1337	16092352
1338	16097092
1339	16123691
1340	16167670
1341	16197850
1342	16271230
1343	16300912
1344	16353591
1345	16410260
1346	16421311
1347	16433932
1348	16519751
1349	16521130
1350	16581831
1351	16591361
1352	16651732
1353	16660310
1354	16678340
1355	16742462
1356	16796932
1357	16800132
1358	16810432
1359	16857382
1360	16886710
1361	16926280
1362	16956330
1363	16969130
1364	16996221
1365	17015131
1366	17079380
1367	17131922
1368	17147712
1369	17165121
1370	17267272
1371	17337932
1372	17344460
1373	17369231
1374	17390161
1375	17487261
1376	17500110
1377	17510742
1378	17549910
1379	17583662
1380	17587320
1381	17667532
1382	17681980
1383	17693791
1384	17716840
1385	17749042
1386	17750150
1387	17780192
1388	17834240
1389	17837132
1390	17937211
1391	17943160
1392	17973382
1393	18007821
1394	18047690
1395	18110820
1396	18112321
1397	18113591
1398	18118861
1399	18257412
1400	18313630
1401	18333402
1402	18374101
1403	18392862
1404	18405002
1405	18451862
1406	18492210
1407	18515902
1408	18535381
1409	18607551
1410	18610271
1411	18634900
1412	18641401
1413	18643731
1414	18667260
1415	18667580
1416	18705562
1417	18708601
1418	18740110
1419	18802870
1420	18861850
1421	18884430
1422	18940912
1423	18946132
1424	19010960
1425	19081060
1426	19557782
1427	19889300
1428	20224032
1429	20301571
1430	2386121
1431	2433830
1432	2533680
1433	2541650
1434	2611620
1435	2630561
1436	2664401
1437	2676431
1438	2701610
1439	2702332
1440	2732050
1441	2790022
1442	2864992
1443	2887420
1444	2909101
1445	2981041
1446	3059852
1447	3061430
1448	3159880
1449	3163952
1450	3181310
1451	3200732
1452	3208422
1453	3231612
1454	3306551
1455	3332770
1456	3339452
1457	3679632
1458	3727301
1459	455321
1460	482152
1461	4835312
1462	4860111
1463	4900912
1464	4940372
1465	5002410
1466	5002872
1467	5016000
1468	502912
1469	5131351
1470	517891
1471	5291851
1472	5317700
1473	5343942
1474	5393870
1475	5467481
1476	552000
1477	5523360
1478	5550622
1479	5604691
1480	562900
1481	5648400
1482	5660010
1483	5748461
1484	5751142
1485	5856920
1486	592000
1487	6014942
1488	6017750
1489	6121402
1490	6125712
1491	6162400
1492	6167251
1493	6170812
1494	6177852
1495	6235270
1496	6343562
1497	635081
1498	6386642
1499	6438852
1500	6444272
1501	6457232
1502	651412
1503	6592612
1504	6592742
1505	6604951
1506	661562
1507	6645900
1508	6648762
1509	6653481
1510	6785732
1511	6844962
1512	7518120
1513	7520751
1514	7560832
1515	7903730
1516	7904912
1517	7913602
1518	7916062
1519	7931331
1520	7949541
1521	7953282
1522	8002942
1523	8029960
1524	8036162
1525	8041791
1526	8059012
1527	8085621
1528	8144941
1529	8228740
1530	8619000
1531	8620590
1532	8620792
1533	8626521
1534	8631932
1535	8634842
1536	8635580
1537	8644840
1538	8713432
1539	8769201
1540	8798931
1541	908361
1542	911441
1543	932011
1544	955742
1545	9753612
1546	984521
1547	989861
1548	992560
1549	1000600
1550	1006181
1551	1114741
1552	1160571
1553	12882831
1554	13153232
1555	13510200
1556	13770682
1557	13841660
1558	13951761
1559	14108881
1560	14229610
1561	14350150
1562	14355902
1563	14795081
1564	14854532
1565	14865890
1566	14869512
1567	14873281
1568	14922780
1569	14933592
1570	15226642
1571	15250022
1572	15383032
1573	15417751
1574	15618750
1575	15782722
1576	15870291
1577	15931261
1578	15948230
1579	16070321
1580	16162252
1581	16177350
1582	16216370
1583	16221191
1584	16224750
1585	16245620
1586	16269350
1587	16281252
1588	16294270
1589	16296111
1590	16314251
1591	16328782
1592	16351042
1593	16352581
1594	16426740
1595	16502322
1596	16512951
1597	16574360
1598	16587002
1599	16597740
1600	16620732
1601	16689300
1602	16700040
1603	16729870
1604	16888131
1605	16954751
1606	17020012
1607	17028000
1608	17033612
1609	17043011
1610	17044780
1611	17092431
1612	17226312
1613	17293230
1614	17294721
1615	17383452
1616	17398672
1617	17450451
1618	17451302
1619	17478882
1620	17522171
1621	17550321
1622	17601672
1623	17606172
1624	17621282
1625	17682630
1626	17717980
1627	17740541
1628	17813371
1629	17817772
1630	17891922
1631	17934080
1632	17946512
1633	18007390
1634	18033772
1635	18113401
1636	18117731
1637	18148522
1638	18153940
1639	18179111
1640	18192091
1641	18200411
1642	18211991
1643	18284680
1644	18362592
1645	18364830
1646	18367490
1647	18427120
1648	18441351
1649	18628482
1650	18638540
1651	18646820
1652	18697040
1653	18704940
1654	18709751
1655	18718881
1656	18728832
1657	18752172
1658	18752342
1659	18754992
1660	18839200
1661	18885851
1662	18964731
1663	18977741
1664	19561160
1665	20069301
1666	2336352
1667	2400601
1668	2450880
1669	2480932
1670	2496110
1671	2577720
1672	2597301
1673	2625532
1674	2660040
1675	2668131
1676	2693512
1677	2721610
1678	2754940
1679	2774681
1680	2811331
1681	2823272
1682	2855342
1683	2887340
1684	2959580
1685	2979181
1686	3008492
1687	3016112
1688	3034622
1689	3042710
1690	3136771
1691	3140402
1692	3170390
1693	3184652
1694	3191640
1695	3199661
1696	3292392
1697	3402702
1698	455090
1699	471321
1700	4752310
1701	4763412
1702	4781180
1703	4795221
1704	488422
1705	488940
1706	4895842
1707	4927750
1708	4931381
1709	4938072
1710	5018871
1711	5050700
1712	5068252
1713	508192
1714	509930
1715	5118650
1716	5152911
1717	5194450
1718	520130
1719	5213110
1720	5287680
1721	530221
1722	5347820
1723	536562
1724	540420
1725	544492
1726	547301
1727	5547551
1728	5588702
1729	5663691
1730	570331
1731	5716111
1732	572601
1733	5744232
1734	582541
1735	5882830
1736	5894470
1737	5904382
1738	6032761
1739	6068802
1740	6090642
1741	6167272
1742	618100
1743	6192622
1744	6293330
1745	6310052
1746	6312282
1747	6348361
1748	6384401
1749	6429062
1750	6433932
1751	6457082
1752	6499392
1753	6555320
1754	6647702
1755	6658751
1756	6747262
1757	6750531
1758	6774100
1759	6812101
1760	722780
1761	7537742
1762	7540342
1763	7572870
1764	7847340
1765	7852321
1766	7855081
1767	7861621
1768	7864030
1769	7864681
1770	7873881
1771	7875442
1772	7901632
1773	7904981
1774	7910620
1775	7911310
1776	7938731
1777	7946752
1778	7956501
1779	7977511
1780	7987150
1781	8047991
1782	8052332
1783	8071052
1784	8078860
1785	8104702
1786	8107170
1787	8112450
1788	8113981
1789	8114470
1790	8115981
1791	8179501
1792	8187480
1793	8612202
1794	8613991
1795	8616611
1796	8619961
1797	8642830
1798	8792251
1799	8794712
1800	8796781
1801	8798780
1802	8801241
1803	897312
1804	898382
1805	947830
1806	949530
1807	960921
1808	963261
1809	970782
1810	980851
1811	990542
1812	10198711
1813	10552292
1814	10781482
1815	1118172
1816	12142661
1817	12855361
1818	13051492
1819	13276020
1820	13361671
1821	13477561
1822	13493561
1823	13576480
1824	13751550
1825	13752371
1826	13787551
1827	13850801
1828	13850940
1829	13932521
1830	14007621
1831	14075600
1832	14125012
1833	14266170
1834	14384042
1835	14391492
1836	14896241
1837	14907352
1838	14927842
1839	15015810
1840	15100510
1841	15132961
1842	15135322
1843	15164470
1844	15277232
1845	15306181
1846	15370081
1847	15371620
1848	15381650
1849	15413642
1850	15465801
1851	15506751
1852	15577080
1853	15588850
1854	15650610
1855	15650662
1856	15681842
1857	15719991
1858	15745910
1859	15757401
1860	15875572
1861	15877981
1862	15896920
1863	15901641
1864	15903072
1865	15912662
1866	15951020
1867	15991562
1868	15998001
1869	16022030
1870	16065970
1871	16088662
1872	16150991
1873	16172601
1874	16196521
1875	16287750
1876	16313382
1877	16321642
1878	16333152
1879	16350442
1880	16360342
1881	16408970
1882	16416721
1883	16429010
1884	16434350
1885	16447200
1886	16464182
1887	16465840
1888	16516930
1889	16532001
1890	16575051
1891	16575170
1892	16594900
1893	16637010
1894	16655830
1895	16677151
1896	16726001
1897	16778131
1898	16799781
1899	16839400
1900	16866080
1901	16868091
1902	16897730
1903	16948480
1904	16967282
1905	17181682
1906	17233200
1907	17348031
1908	17358172
1909	17365821
1910	17385931
1911	17407932
1912	17410650
1913	17419851
1914	17516300
1915	17559121
1916	17570781
1917	17574930
1918	17577931
1919	17613192
1920	17650341
1921	17657312
1922	17657561
1923	17660101
1924	17670072
1925	17702572
1926	17750451
1927	17766122
1928	17792832
1929	17849002
1930	17853720
1931	17866862
1932	17886370
1933	17886981
1934	17898142
1935	17943412
1936	18036881
1937	18100411
1938	18104291
1939	18250461
1940	18261652
1941	18317560
1942	18373670
1943	18420550
1944	18450010
1945	18472191
1946	18544861
1947	18560612
1948	18645432
1949	18673430
1950	18791421
1951	18883891
1952	18942921
1953	19099030
1954	19143580
1955	19579832
1956	19705682
1957	19735372
1958	19849752
1959	19886111
1960	19890952
1961	19898542
1962	19946872
1963	20039641
1964	20127721
1965	2433311
1966	2438102
1967	2485902
1968	2525181
1969	2562420
1970	2622750
1971	2630500
1972	2638490
1973	2688842
1974	2702030
1975	2724402
1976	2737982
1977	2752760
1978	2759812
1979	2763131
1980	2781142
1981	2798682
1982	2804551
1983	2818050
1984	2900000
1985	2902990
1986	2917252
1987	2943062
1988	2973780
1989	2976521
1990	3017460
1991	3279922
1992	3313870
1993	3427930
1994	3474951
1995	3483551
1996	3568252
1997	3568301
1998	3701122
1999	3777992
2000	3879530
2001	466851
2002	4738442
2003	4758501
2004	4763881
2005	476800
2006	4780320
2007	4799561
2008	481501
2009	4847030
2010	486851
2011	487461
2012	496300
2013	496791
2014	497110
2015	4988912
2016	5006561
2017	5027042
2018	5050012
2019	516732
2020	5169960
2021	517061
2022	5299880
2023	539450
2024	5408480
2025	5412441
2026	5421732
2027	5423632
2028	547961
2029	5510270
2030	553520
2031	5579362
2032	5609990
2033	5618810
2034	574270
2035	5748961
2036	5821720
2037	582530
2038	5857051
2039	586112
2040	587431
2041	5895122
2042	5901791
2043	5907940
2044	5915362
2045	592361
2046	592870
2047	595060
2048	6014142
2049	6022000
2050	6060480
2051	6124080
2052	6128401
2053	6136571
2054	6210861
2055	6215732
2056	6244140
2057	6246441
2058	6285822
2059	6289220
2060	6372210
2061	646322
2062	6496450
2063	6509812
2064	6535592
2065	6539620
2066	6539811
2067	663110
2068	6772701
2069	6775740
2070	6821681
2071	6880191
2072	7507201
2073	7515312
2074	7520560
2075	7541370
2076	7546200
2077	7572740
2078	7847642
2079	7853030
2080	7853730
2081	7857250
2082	7879052
2083	7887901
2084	7899220
2085	7926472
2086	7937180
2087	7952281
2088	7958551
2089	7964320
2090	7980972
2091	8011350
2092	8012772
2093	8046061
2094	8048611
2095	8048902
2096	8054751
2097	8104321
2098	8106131
2099	8125110
2100	8145692
2101	8209120
2102	8629371
2103	8795510
2104	889551
2105	896382
2106	921591
2107	924092
2108	934101
2109	944540
2110	945442
2111	962930
2112	965350
2113	967631
2114	982020
2115	987161
2116	988771
2117	1017911
2118	1154230
2119	12694970
2120	13212120
2121	13291331
2122	13537941
2123	13814902
2124	13857230
2125	14790921
2126	14857061
2127	14900120
2128	14901970
2129	14944682
2130	14945081
2131	14967581
2132	15031810
2133	15091572
2134	15146550
2135	15152040
2136	15152202
2137	15201142
2138	15207301
2139	15210100
2140	15229041
2141	15240581
2142	15263401
2143	15271142
2144	15278450
2145	15295500
2146	15321251
2147	15327430
2148	15363640
2149	15385340
2150	15386860
2151	15387112
2152	15431102
2153	15432841
2154	15434300
2155	15448872
2156	15480002
2157	15571340
2158	15580772
2159	15643020
2160	15757192
2161	15803471
2162	15838382
2163	15839712
2164	15879830
2165	15892021
2166	15939051
2167	15991971
2168	16031391
2169	16043602
2170	16129372
2171	16129500
2172	16133940
2173	16157192
2174	16160351
2175	16255172
2176	16266440
2177	16270130
2178	16294660
2179	16346661
2180	16355110
2181	16414842
2182	16488731
2183	16489132
2184	16490161
2185	16499641
2186	16500280
2187	16502041
2188	16533521
2189	16539781
2190	16571220
2191	16578942
2192	16606891
2193	16625070
2194	16636171
2195	16675912
2196	16676940
2197	16739640
2198	16745120
2199	16786872
2200	16793142
2201	16814372
2202	16826520
2203	16837330
2204	16886481
2205	16887852
2206	16969161
2207	16989802
2208	16992071
2209	17071260
2210	17091101
2211	17093271
2212	17148150
2213	17170001
2214	17282700
2215	17338491
2216	17342992
2217	17362382
2218	17390840
2219	17392220
2220	17394330
2221	17432202
2222	17438062
2223	17440270
2224	17463132
2225	17473840
2226	17505222
2227	17556160
2228	17624901
2229	17626172
2230	17715030
2231	17724590
2232	17768090
2233	17770760
2234	17788201
2235	17815592
2236	17816662
2237	17822971
2238	17831910
2239	17850091
2240	17863881
2241	17906820
2242	17943230
2243	17963220
2244	17973230
2245	18040790
2246	18118060
2247	18128202
2248	18139642
2249	18142801
2250	18149791
2251	18156291
2252	18168211
2253	18180460
2254	18243462
2255	18280270
2256	18311990
2257	18319971
2258	18342022
2259	18413721
2260	18455740
2261	18509622
2262	18554291
2263	18557880
2264	18609871
2265	18627882
2266	18638732
2267	18738520
2268	18764510
2269	18850662
2270	18853852
2271	18860461
2272	18880891
2273	18884050
2274	18909392
2275	18931072
2276	18976510
2277	18992582
2278	19010982
2279	19021212
2280	19025810
2281	19042501
2282	19555050
2283	19562162
2284	19658690
2285	20056250
2286	20310871
2287	2334692
2288	2340500
2289	2365670
2290	2384011
2291	2450300
2292	2518900
2293	2531532
2294	2591772
2295	2592712
2296	2593042
2297	2620011
2298	2714241
2299	2728392
2300	2747951
2301	2750561
2302	2763350
2303	2771042
2304	2825920
2305	2846860
2306	2867521
2307	2872642
2308	2872852
2309	2882611
2310	2905081
2311	2920272
2312	2942610
2313	2965920
2314	2966721
2315	2979831
2316	3013582
2317	3028581
2318	3091950
2319	3164322
2320	3167002
2321	3171780
2322	3191672
2323	3219252
2324	3235342
2325	3257150
2326	3276941
2327	3291470
2328	3346812
2329	3354381
2330	3364802
2331	3452472
2332	3506642
2333	3518041
2334	3624072
2335	3771812
2336	463132
2337	464272
2338	467071
2339	470031
2340	4730401
2341	478720
2342	478890
2343	4792270
2344	4847432
2345	4865641
2346	4894801
2347	490760
2348	4929621
2349	495992
2350	4965620
2351	497252
2352	497502
2353	5025552
2354	505241
2355	5090021
2356	510152
2357	5112661
2358	5113652
2359	511411
2360	5142742
2361	5143722
2362	5173832
2363	5269741
2364	5295581
2365	5304381
2366	5336881
2367	5346570
2368	5382870
2369	5426040
2370	5438092
2371	5441771
2372	5464442
2373	5489900
2374	554540
2375	5556301
2376	5600200
2377	5657960
2378	566460
2379	5705450
2380	573381
2381	5746580
2382	5746722
2383	5756512
2384	5772770
2385	5785452
2386	5794261
2387	5797262
2388	5830592
2389	5830781
2390	584821
2391	5871321
2392	5872310
2393	5881850
2394	5887462
2395	5982950
2396	6013591
2397	6023431
2398	6026980
2399	6046001
2400	6111832
2401	6124261
2402	6154542
2403	6161232
2404	6232112
2405	6325470
2406	6403641
2407	650251
2408	6502942
2409	6555271
2410	6559322
2411	6561300
2412	6564860
2413	6628311
2414	6667070
2415	6728850
2416	6729920
2417	6731930
2418	6737220
2419	6824991
2420	6838882
2421	6921411
2422	7548531
2423	7572331
2424	7875992
2425	7892222
2426	7900240
2427	7900691
2428	7910481
2429	7927231
2430	7951632
2431	7955041
2432	7969530
2433	8015180
2434	8023352
2435	8032311
2436	8086430
2437	8088701
2438	8611612
2439	8612341
2440	8630021
2441	8638830
2442	8640272
2443	8797492
2444	8804362
2445	892462
2446	906362
2447	943641
2448	944811
2449	957292
2450	959540
2451	969150
2452	977940
2453	980522
2454	988052
2455	988961
2456	989450
2457	9975831
2458	1003581
2459	1008772
2460	1010311
2461	10596831
2462	11921330
2463	12641531
2464	12946530
2465	13155392
2466	13199230
2467	13393270
2468	13496940
2469	13703252
2470	13740211
2471	13759102
2472	13777250
2473	13959431
2474	14063482
2475	14860361
2476	14931480
2477	14976031
2478	15069202
2479	15118821
2480	15144261
2481	15166950
2482	15171081
2483	15219980
2484	15228190
2485	15266870
2486	15340971
2487	15486632
2488	15514532
2489	15518520
2490	15527022
2491	15618452
2492	15627132
2493	15627262
2494	15634841
2495	15665582
2496	15710922
2497	15759402
2498	15783571
2499	15787162
2500	15810911
2501	15874940
2502	15879270
2503	15893321
2504	15899330
2505	15945952
2506	15973051
2507	15980502
2508	15981431
2509	16022781
2510	16027320
2511	16033542
2512	16050730
2513	16081750
2514	16103130
2515	16135822
2516	16145960
2517	16164782
2518	16213762
2519	16298682
2520	16313902
2521	16371742
2522	16377820
2523	16397130
2524	16414990
2525	16431411
2526	16437170
2527	16441170
2528	16460811
2529	16475472
2530	16490791
2531	16510122
2532	16550132
2533	16563250
2534	16631721
2535	16660881
2536	16678541
2537	16712242
2538	16718682
2539	16746222
2540	16746710
2541	16752880
2542	16756592
2543	16771450
2544	16795780
2545	16811180
2546	16835452
2547	16914530
2548	16975222
2549	16983231
2550	17012570
2551	17197110
2552	17199590
2553	17204980
2554	17239972
2555	17353000
2556	17382301
2557	17384262
2558	17385220
2559	17385821
2560	17404371
2561	17406961
2562	17417162
2563	17472761
2564	17512801
2565	17526631
2566	17587730
2567	17629122
2568	17641592
2569	17667252
2570	17680441
2571	17727891
2572	17731791
2573	17760332
2574	17761620
2575	17804611
2576	17812170
2577	17857232
2578	17875471
2579	17891670
2580	17919280
2581	17967802
2582	17982261
2583	18012331
2584	18018861
2585	18021301
2586	18031722
2587	18088421
2588	18118512
2589	18131571
2590	18157750
2591	18188540
2592	18269421
2593	18303162
2594	18318650
2595	18329491
2596	18385052
2597	18492482
2598	18511801
2599	18513992
2600	18525482
2601	18546351
2602	18632371
2603	18658611
2604	18660811
2605	18669270
2606	18707160
2607	18735042
2608	18737792
2609	18768770
2610	18791890
2611	18810920
2612	18903692
2613	18936812
2614	18996072
2615	19028631
2616	19062872
2617	19063022
2618	19117862
2619	19658650
2620	19702050
2621	19764462
2622	19808272
2623	19923410
2624	19983790
2625	20174981
2626	20217831
2627	20265362
2628	2336681
2629	2351522
2630	2370750
2631	2371742
2632	2387741
2633	2391822
2634	2399121
2635	2410912
2636	2455661
2637	2460321
2638	2477581
2639	2486551
2640	2506452
2641	2525091
2642	2569961
2643	2584542
2644	2594831
2645	2604590
2646	2621260
2647	2622522
2648	2629810
2649	2680412
2650	2691411
2651	2709060
2652	2783572
2653	2784822
2654	2786032
2655	2806000
2656	2817742
2657	2831980
2658	2864521
2659	2912102
2660	2916012
2661	2916540
2662	2972920
2663	2976402
2664	3003762
2665	3015871
2666	3022292
2667	3192070
2668	3199630
2669	3309401
2670	3329282
2671	3336571
2672	3336902
2673	3397711
2674	3407250
2675	3457340
2676	3458512
2677	3554491
2678	3700002
2679	456300
2680	461981
2681	465550
2682	4745190
2683	4777130
2684	478560
2685	4801711
2686	4846592
2687	4850650
2688	487402
2689	4881461
2690	4910751
2691	492862
2692	4932821
2693	497780
2694	4999342
2695	5025210
2696	5028760
2697	503970
2698	5066012
2699	5087841
2700	5134002
2701	5149212
2702	5160732
2703	5224902
2704	5305472
2705	5324650
2706	5341980
2707	5375140
2708	540150
2709	540191
2710	5464490
2711	5480082
2712	549331
2713	5494192
2714	5496820
2715	5515730
2716	5527670
2717	5550922
2718	556001
2719	5568682
2720	557601
2721	5587902
2722	5590070
2723	5595620
2724	5625541
2725	565531
2726	5675342
2727	5675400
2728	5686520
2729	5708122
2730	572772
2731	5745790
2732	5748702
2733	5769061
2734	577062
2735	580230
2736	5806801
2737	5809512
2738	5822331
2739	5832090
2740	5867420
2741	5895980
2742	591891
2743	5927032
2744	6006550
2745	6025432
2746	605080
2747	6054962
2748	6055310
2749	6059030
2750	6063512
2751	6086212
2752	6091030
2753	6100932
2754	6291150
2755	6326620
2756	6363170
2757	6367160
2758	637750
2759	6482070
2760	6484401
2761	6484881
2762	6492500
2763	6515231
2764	6538341
2765	6555240
2766	6562251
2767	6581191
2768	6609291
2769	6651272
2770	666251
2771	6667510
2772	6690372
2773	6691621
2774	6730542
2775	6756202
2776	675942
2777	678111
2778	6801181
2779	6854632
2780	6858671
2781	6863740
2782	6879011
2783	692462
2784	7848410
2785	7852491
2786	7854961
2787	7875131
2788	7877372
2789	7882071
2790	7883320
2791	7900202
2792	7911691
2793	7955042
2794	7959620
2795	7977892
2796	7978130
2797	8024222
2798	8037030
2799	8038901
2800	8054021
2801	8064932
2802	8077091
2803	8104202
2804	8112311
2805	8113760
2806	8630342
2807	8642070
2808	8754810
2809	899220
2810	905871
2811	920972
2812	921321
2813	926832
2814	930180
2815	936142
2816	958852
2817	967010
2818	973870
2819	979620
2820	980151
2821	981252
2822	981811
2823	1008520
2824	1014890
2825	1017210
2826	1020010
2827	10231262
2828	10490141
2829	1118892
2830	1135171
2831	1158812
2832	13134770
2833	13341291
2834	13518380
2835	13727191
2836	13739482
2837	13752901
2838	13928461
2839	13929282
2840	14036260
2841	14044230
2842	14060900
2843	14120600
2844	14126811
2845	14149002
2846	14167891
2847	14342042
2848	14802132
2849	14877321
2850	14906262
2851	14943082
2852	14986862
2853	15000970
2854	15027520
2855	15091820
2856	15133182
2857	15183450
2858	15263192
2859	15282712
2860	15331781
2861	15342052
2862	15378302
2863	15414651
2864	15430760
2865	15450480
2866	15458572
2867	15458662
2868	15469830
2869	15550371
2870	15581052
2871	15652621
2872	15663972
2873	15675080
2874	15763140
2875	15768222
2876	15772502
2877	15796520
2878	15816202
2879	15820961
2880	15871910
2881	15891192
2882	15896661
2883	15949830
2884	15956190
2885	15985581
2886	16016611
2887	16026082
2888	16035620
2889	16065391
2890	16067281
2891	16129971
2892	16194441
2893	16199450
2894	16207750
2895	16220332
2896	16231402
2897	16257612
2898	16327652
2899	16337562
2900	16346570
2901	16349750
2902	16424870
2903	16436101
2904	16451792
2905	16453601
2906	16462212
2907	16479612
2908	16480812
2909	16487212
2910	16488811
2911	16509730
2912	16514050
2913	16526560
2914	16532011
2915	16535702
2916	16547261
2917	16550141
2918	16561841
2919	16566521
2920	16584481
2921	16591681
2922	16604230
2923	16615090
2924	16625950
2925	16638581
2926	16664492
2927	16683082
2928	16712731
2929	16722371
2930	16724811
2931	16731810
2932	16766261
2933	16873761
2934	16918942
2935	16964670
2936	16983281
2937	17054281
2938	17115841
2939	17136712
2940	17206622
2941	17227311
2942	17241631
2943	17243932
2944	17268060
2945	17313410
2946	17385311
2947	17394021
2948	17425351
2949	17446970
2950	17489630
2951	17571541
2952	17580521
2953	17582682
2954	17614632
2955	17652331
2956	17667502
2957	17739872
2958	17761520
2959	17769101
2960	17790420
2961	17804081
2962	17889671
2963	17902850
2964	17913770
2965	17957620
2966	17977412
2967	17986971
2968	18029972
2969	18037152
2970	18101532
2971	18136312
2972	18159480
2973	18199752
2974	18231911
2975	18236322
2976	18283522
2977	18305552
2978	18325391
2979	18353012
2980	18369052
2981	18376691
2982	18388812
2983	18439432
2984	18476152
2985	18546390
2986	18572771
2987	18596030
2988	18597682
2989	18599110
2990	18599471
2991	18629390
2992	18631102
2993	18655561
2994	18685901
2995	18708701
2996	18735300
2997	18771900
2998	18778990
2999	18846760
3000	18892822
3001	18957022
3002	19007321
3003	19052891
3004	19097850
3005	19100162
3006	19579320
3007	19669761
3008	19827751
3009	19976972
3010	19982032
3011	19991481
3012	20045190
3013	20081662
3014	20232952
3015	20297650
3016	20332632
3017	2336160
3018	2417460
3019	2430710
3020	2471471
3021	2502250
3022	2510100
3023	2514540
3024	2531301
3025	2532871
3026	2603300
3027	2608910
3028	2646970
3029	2648600
3030	2659101
3031	2667452
3032	2667932
3033	2711661
3034	2730212
3035	2740351
3036	2781472
3037	2788520
3038	2808012
3039	2850171
3040	2852751
3041	2893652
3042	2894231
3043	2903661
3044	2922762
3045	2942390
3046	3010701
3047	3017742
3048	3061240
3049	3105920
3050	3156102
3051	3171940
3052	3175641
3053	3226602
3054	3323751
3055	3347721
3056	3353942
3057	3472552
3058	3492772
3059	3509032
3060	3525680
3061	3527612
3062	3528271
3063	3663981
3064	3812012
3065	458460
3066	458581
3067	469351
3068	4739011
3069	4761051
3070	4836782
3071	4840731
3072	4872490
3073	4950010
3074	4964762
3075	496581
3076	4972840
3077	4983492
3078	5015102
3079	502150
3080	5033242
3081	5061600
3082	511790
3083	512820
3084	5163880
3085	5165851
3086	5168831
3087	522920
3088	527911
3089	528971
3090	5329381
3091	5340600
3092	5396710
3093	5397931
3094	5488261
3095	5489561
3096	550671
3097	5521521
3098	5523520
3099	5532560
3100	5557180
3101	558940
3102	5592430
3103	5617612
3104	5633132
3105	5636332
3106	5677380
3107	5680822
3108	5693452
3109	569691
3110	570640
3111	5727951
3112	5754460
3113	5758602
3114	5762662
3115	5779580
3116	579401
3117	5800910
3118	580272
3119	5807531
3120	5810901
3121	5864782
3122	5932692
3123	5964240
3124	5971101
3125	599100
3126	6020842
3127	6108900
3128	6122151
3129	6124171
3130	6131051
3131	6162442
3132	6224151
3133	6246831
3134	6282110
3135	6287520
3136	630001
3137	6301251
3138	6311752
3139	6318312
3140	6333470
3141	6350362
3142	6361562
3143	6443320
3144	6443680
3145	6462991
3146	6570160
3147	6571850
3148	6650500
3149	6677410
3150	6679720
3151	6697112
3152	6700321
3153	6740331
3154	6745242
3155	677392
3156	6818220
3157	694270
3158	7143090
3159	7510512
3160	7519792
3161	7521211
3162	7530140
3163	7856812
3164	7857502
3165	7860662
3166	7866942
3167	7889411
3168	7892292
3169	7895480
3170	7904702
3171	7907462
3172	7911631
3173	7911712
3174	7912952
3175	7914990
3176	7919221
3177	7936140
3178	7938442
3179	7969460
3180	7995370
3181	8035912
3182	8054651
3183	8059891
3184	8071252
3185	8073360
3186	8131871
3187	8200790
3188	8228390
3189	8618600
3190	8635290
3191	8635370
3192	8641871
3193	8712391
3194	8764071
3195	8789641
3196	8793090
3197	890940
3198	898941
3199	904801
3200	931560
3201	933982
3202	943872
3203	945340
3204	964142
3205	964281
3206	972162
3207	974102
3208	9860650
3209	1011281
3210	10193341
3211	10326461
3212	10583761
3213	1138142
3214	1160850
3215	11918180
3216	12804900
3217	12819310
3218	12870300
3219	13047651
3220	13262950
3221	13293250
3222	13379390
3223	13527131
3224	13685061
3225	13886141
3226	14012201
3227	14026510
3228	14298162
3229	14794561
3230	14830032
3231	14851911
3232	14886761
3233	14887472
3234	14910281
3235	14929552
3236	14949142
3237	14953921
3238	14964481
3239	14969090
3240	14973302
3241	15110111
3242	15191881
3243	15252402
3244	15295350
3245	15330521
3246	15331432
3247	15334171
3248	15342092
3249	15389790
3250	15390750
3251	15395511
3252	15429852
3253	15630550
3254	15631902
3255	15641051
3256	15658821
3257	15706480
3258	15717701
3259	15736481
3260	15742711
3261	15746431
3262	15757511
3263	15764560
3264	15771871
3265	15773731
3266	15786130
3267	15786181
3268	15795621
3269	15812931
3270	15819022
3271	15856472
3272	15870262
3273	15881210
3274	15900941
3275	15905741
3276	15919222
3277	15961921
3278	15974452
3279	15979610
3280	16068562
3281	16096181
3282	16112982
3283	16119290
3284	16131921
3285	16147092
3286	16190891
3287	16213821
3288	16245122
3289	16262620
3290	16263470
3291	16264991
3292	16267822
3293	16305241
3294	16307722
3295	16313920
3296	16331281
3297	16344021
3298	16348240
3299	16357640
3300	16405652
3301	16417472
3302	16449720
3303	16456370
3304	16462292
3305	16477160
3306	16516100
3307	16522650
3308	16523582
3309	16526352
3310	16528921
3311	16539751
3312	16628941
3313	16629231
3314	16639980
3315	16653451
3316	16653740
3317	16659620
3318	16676902
3319	16703881
3320	16716390
3321	16788732
3322	16798671
3323	16841511
3324	16918112
3325	16930960
3326	16939162
3327	16994101
3328	17076390
3329	17103421
3330	17106180
3331	17161440
3332	17204292
3333	17235832
3334	17243700
3335	17288432
3336	17313980
3337	17325050
3338	17355422
3339	17395411
3340	17401432
3341	17408422
3342	17451681
3343	17469210
3344	17482452
3345	17498660
3346	17520160
3347	17521682
3348	17526001
3349	17541371
3350	17547130
3351	17551102
3352	17552252
3353	17574270
3354	17581552
3355	17634891
3356	17646860
3357	17701062
3358	17717050
3359	17720620
3360	17721672
3361	17737460
3362	17758931
3363	17760172
3364	17788131
3365	17794701
3366	17811082
3367	17823541
3368	17862600
3369	17868982
3370	17911460
3371	17928391
3372	17944771
3373	17946672
3374	17960602
3375	17966992
3376	17973411
3377	17987692
3378	17991540
3379	17996321
3380	18034811
3381	18070711
3382	18072371
3383	18084472
3384	18125061
3385	18172940
3386	18174502
3387	18201080
3388	18208581
3389	18230031
3390	18278481
3391	18287632
3392	18299290
3393	18302902
3394	18355571
3395	18363101
3396	18376320
3397	18393641
3398	18419560
3399	18425742
3400	18434991
3401	18457011
3402	18461791
3403	18500971
3404	18644342
3405	18676790
3406	18711971
3407	18729671
3408	18784780
3409	18823851
3410	18853512
3411	18863880
3412	18877000
3413	18884140
3414	18902462
3415	18904801
3416	18932251
3417	18950311
3418	19107892
3419	19113422
3420	19126041
3421	19563490
3422	19710991
3423	19725100
3424	19756131
3425	19815412
3426	19817112
3427	19884780
3428	19979421
3429	20028100
3430	20102211
3431	20154092
3432	20250981
3433	20286752
3434	20288342
3435	20298830
3436	20302481
3437	2352312
3438	2364332
3439	2395981
3440	2425890
3441	2432150
3442	2433680
3443	2445712
3444	2449141
3445	2466330
3446	2468600
3447	2507351
3448	2510040
3449	2533232
3450	2558722
3451	2575641
3452	2590620
3453	2605492
3454	2633981
3455	2661771
3456	2666772
3457	2683411
3458	2688922
3459	2714110
3460	2715011
3461	2733661
3462	2741280
3463	2743281
3464	2786952
3465	2817312
3466	2834151
3467	2877671
3468	2878392
3469	2882480
3470	2887111
3471	2893590
3472	2908121
3473	2929391
3474	2938962
3475	3006201
3476	3011722
3477	3048170
3478	3061960
3479	3109230
3480	3125731
3481	3147191
3482	3160090
3483	3167271
3484	3295020
3485	3325731
3486	3399332
3487	3511292
3488	3532282
3489	3603052
3490	3664122
3491	3731572
3492	3769550
3493	467020
3494	4730600
3495	4756361
3496	4763502
3497	477001
3498	4773452
3499	4776620
3500	4803960
3501	483382
3502	4853731
3503	4867250
3504	487272
3505	4925891
3506	494971
3507	4970090
3508	497812
3509	499622
3510	5018600
3511	502930
3512	504970
3513	5112401
3514	5117681
3515	5152130
3516	5236100
3517	5246451
3518	526590
3519	5288620
3520	528981
3521	5292282
3522	5293882
3523	5309710
3524	5337710
3525	5351610
3526	5403750
3527	540620
3528	5416480
3529	5418621
3530	5424391
3531	5439302
3532	5448432
3533	556171
3534	5638401
3535	5668901
3536	5672752
3537	5720272
3538	5726630
3539	5781922
3540	581501
3541	5827792
3542	583590
3543	5848532
3544	5860571
3545	5871412
3546	5988840
3547	5991352
3548	6003271
3549	600860
3550	6067120
3551	6070410
3552	6285621
3553	6293660
3554	6310012
3555	6327191
3556	6351412
3557	6352502
3558	6359791
3559	637640
3560	6433021
3561	6450491
3562	6462872
3563	6464352
3564	646480
3565	6485510
3566	6488701
3567	6496670
3568	6511470
3569	6517042
3570	6552871
3571	657411
3572	6587422
3573	6591931
3574	6595160
3575	6631372
3576	6632332
3577	6636732
3578	6664401
3579	6666252
3580	6681191
3581	6749581
3582	6760091
3583	6767220
3584	6769872
3585	6792301
3586	6795660
3587	6809001
3588	6825260
3589	6825682
3590	6830022
3591	6839681
3592	6873481
3593	734002
3594	7571151
3595	7846391
3596	7860160
3597	7862520
3598	7863202
3599	7872562
3600	7873970
3601	7892021
3602	7892500
3603	7909721
3604	7936550
3605	7949420
3606	7957321
3607	7977120
3608	7980502
3609	7980640
3610	7984231
3611	7987140
3612	8005210
3613	8016261
3614	8036392
3615	8042440
3616	8050060
3617	8054771
3618	8077552
3619	8154292
3620	8167012
3621	8177521
3622	8213360
3623	8617831
3624	8617990
3625	8622891
3626	8634992
3627	8638971
3628	8639642
3629	8641331
3630	8751442
3631	8751452
3632	8765661
3633	8767670
3634	8789101
3635	907562
3636	915480
3637	917362
3638	927722
3639	932060
3640	936652
3641	940400
3642	961411
3643	968442
3644	972741
3645	974840
3646	978622
3647	989522
3648	995901
3649	997562
3650	1011271
3651	10661022
3652	11919100
3653	12663962
3654	12734810
3655	12750702
3656	12790892
3657	12868591
3658	12937642
3659	13006180
3660	13272972
3661	13345431
3662	13362272
3663	13370271
3664	13401782
3665	13465672
3666	13538941
3667	13614051
3668	13690242
3669	13765080
3670	13794671
3671	14014770
3672	14020650
3673	14043810
3674	14068381
3675	14176221
3676	14381160
3677	14397340
3678	14399691
3679	14828860
3680	14842362
3681	14894192
3682	14900361
3683	14943321
3684	14966642
3685	15013351
3686	15027860
3687	15098771
3688	15106851
3689	15184272
3690	15204791
3691	15227131
3692	15243601
3693	15263762
3694	15276582
3695	15277640
3696	15347320
3697	15355411
3698	15434181
3699	15535600
3700	15582280
3701	15590380
3702	15687131
3703	15688891
3704	15695820
3705	15704170
3706	15716021
3707	15778562
3708	15830751
3709	15868142
3710	15892910
3711	15896962
3712	15906370
3713	15907992
3714	15973331
3715	15981192
3716	15995470
3717	16034862
3718	16059400
3719	16086721
3720	16140570
3721	16157672
3722	16179601
3723	16179631
3724	16205730
3725	16252480
3726	16263581
3727	16279522
3728	16279780
3729	16307490
3730	16308681
3731	16328292
3732	16367671
3733	16373512
3734	16404571
3735	16446650
3736	16458300
3737	16470612
3738	16485892
3739	16486600
3740	16490722
3741	16503580
3742	16509281
3743	16536701
3744	16538822
3745	16561420
3746	16571761
3747	16573250
3748	16604700
3749	16606851
3750	16611460
3751	16630922
3752	16643321
3753	16667331
3754	16680770
3755	16689522
3756	16712910
3757	16723522
3758	16758370
3759	16769360
3760	16805170
3761	16838032
3762	16838220
3763	16838922
3764	16846130
3765	16850480
3766	16875532
3767	16919900
3768	16936111
3769	16938000
3770	16956631
3771	16963220
3772	16996040
3773	17044600
3774	17088500
3775	17108000
3776	17136291
3777	17167761
3778	17211462
3779	17232452
3780	17240771
3781	17252042
3782	17312661
3783	17315901
3784	17338702
3785	17353181
3786	17354272
3787	17355311
3788	17373971
3789	17394990
3790	17396930
3791	17408462
3792	17432011
3793	17486812
3794	17492200
3795	17496230
3796	17550431
3797	17598982
3798	17642361
3799	17669540
3800	17701660
3801	17714622
3802	17715972
3803	17722791
3804	17833070
3805	17843621
3806	17856012
3807	17870010
3808	17949000
3809	17962821
3810	17966372
3811	17983571
3812	18011570
3813	18026211
3814	18029172
3815	18087720
3816	18101071
3817	18125162
3818	18127551
3819	18166331
3820	18188691
3821	18244812
3822	18265250
3823	18285801
3824	18296100
3825	18300340
3826	18324702
3827	18328020
3828	18332852
3829	18353771
3830	18368480
3831	18373712
3832	18402292
3833	18414970
3834	18421200
3835	18422020
3836	18465440
3837	18475150
3838	18485702
3839	18515671
3840	18538922
3841	18563872
3842	18602821
3843	18627011
3844	18630711
3845	18659721
3846	18660250
3847	18686040
3848	18696831
3849	18753211
3850	18800752
3851	18800792
3852	18817760
3853	18865380
3854	18909010
3855	18922472
3856	18933360
3857	18939731
3858	18968270
3859	18995372
3860	19002471
3861	19015781
3862	19089800
3863	19098072
3864	19118040
3865	19657021
3866	19842692
3867	19884500
3868	20022932
3869	20100070
3870	20285711
3871	20318052
3872	2348210
3873	2358782
3874	2370810
3875	2392162
3876	2394420
3877	2395960
3878	2401190
3879	2403670
3880	2410502
3881	2439900
3882	2451592
3883	2472391
3884	2504782
3885	2601561
3886	2604230
3887	2619820
3888	2635250
3889	2636021
3890	2691802
3891	2711932
3892	2712102
3893	2756491
3894	2793760
3895	2884940
3896	2889350
3897	2912972
3898	2915040
3899	2917622
3900	2929730
3901	2949571
3902	2967440
3903	2974941
3904	3009771
3905	3013281
3906	3017880
3907	3023530
3908	3050501
3909	3060792
3910	3102262
3911	3140891
3912	3203092
3913	3216460
3914	3217150
3915	3237840
3916	3273670
3917	3290532
3918	3364752
3919	3366451
3920	3396282
3921	3428882
3922	3453412
3923	3459490
3924	3477530
3925	3546081
3926	3547142
3927	3559530
3928	3591531
3929	3642420
3930	3654472
3931	3766121
3932	455042
3933	460630
3934	460901
3935	463040
3936	471731
3937	471970
3938	4731431
3939	4779911
3940	4795191
3941	4801760
3942	4905922
3943	4907002
3944	4930661
3945	494280
3946	498540
3947	499842
3948	5043230
3949	5100400
3950	5107252
3951	5113012
3952	5147241
3953	5149101
3954	5165671
3955	518761
3956	5209450
3957	521892
3958	5235401
3959	526672
3960	528840
3961	5322961
3962	533001
3963	534781
3964	5354890
3965	5385961
3966	5413391
3967	541390
3968	5422742
3969	5502082
3970	5511641
3971	5527160
3972	5552701
3973	5557851
3974	5563340
3975	5613730
3976	5628020
3977	5631601
3978	564571
3979	5697681
3980	5706112
3981	5708600
3982	5732551
3983	5769041
3984	5778842
3985	5782981
3986	5783182
3987	5795432
3988	5798392
3989	5818180
3990	5829070
3991	5884040
3992	589152
3993	5943031
3994	5953050
3995	5973992
3996	5980661
3997	5990231
3998	599281
3999	6000841
4000	6036932
4001	603870
4002	6048000
4003	6054672
4004	6055921
4005	607162
4006	6090790
4007	6109980
4008	6115030
4009	612241
4010	6173371
4011	6191350
4012	6229690
4013	6236452
4014	6238791
4015	6265640
4016	6275622
4017	6292871
4018	6343632
4019	6379292
4020	6383410
4021	6411990
4022	6455942
4023	6487601
4024	6538372
4025	6561982
4026	656750
4027	6599322
4028	6608462
4029	663530
4030	6649481
4031	6671230
4032	6688591
4033	6711310
4034	6713210
4035	6723420
4036	6725721
4037	6731672
4038	6733481
4039	6750080
4040	6751042
4041	6762631
4042	678822
4043	6825482
4044	6826472
4045	6885792
4046	7536312
4047	7547270
4048	7858612
4049	7859210
4050	7873140
4051	7875370
4052	7877512
4053	7886430
4054	7887780
4055	7892751
4056	7894780
4057	7894811
4058	7895810
4059	7900350
4060	7901720
4061	7903851
4062	7904870
4063	7908030
4064	7912041
4065	7916682
4066	7926142
4067	7937660
4068	7938801
4069	7955240
4070	7965600
4071	7975860
4072	7977532
4073	7987950
4074	8006131
4075	8006241
4076	8012850
4077	8020760
4078	8028492
4079	8053450
4080	8055590
4081	8065680
4082	8073692
4083	8086350
4084	8219470
4085	8614900
4086	8615272
4087	8619450
4088	8627831
4089	8632381
4090	8639250
4091	8639922
4092	8644392
4093	8754120
4094	919941
4095	922891
4096	935640
4097	936972
4098	958511
4099	959042
4100	977300
4101	992700
4102	1001362
4103	1007541
4104	1007650
4105	1014032
4106	1019461
4107	1019462
4108	10716011
4109	12796572
4110	12875332
4111	12877972
4112	12916462
4113	13037050
4114	13115310
4115	13140610
4116	13185572
4117	13261282
4118	13272231
4119	13494172
4120	13563062
4121	13600571
4122	13732920
4123	13782740
4124	13803921
4125	13822931
4126	13906710
4127	14104970
4128	14131261
4129	14178802
4130	14283910
4131	14387471
4132	14798430
4133	14833841
4134	14859581
4135	14866140
4136	14882412
4137	14933261
4138	14946840
4139	14981861
4140	15025062
4141	15039812
4142	15048542
4143	15111052
4144	15120151
4145	15130242
4146	15168690
4147	15175032
4148	15207042
4149	15208181
4150	15223730
4151	15232671
4152	15251220
4153	15279842
4154	15292561
4155	15302842
4156	15354640
4157	15368601
4158	15379361
4159	15398262
4160	15442010
4161	15447490
4162	15485200
4163	15487100
4164	15495740
4165	15515291
4166	15582532
4167	15654571
4168	15686240
4169	15757981
4170	15764181
4171	15770572
4172	15786412
4173	15794440
4174	15838781
4175	15859712
4176	15865042
4177	15868712
4178	15886750
4179	15924221
4180	15924670
4181	15938821
4182	15940451
4183	15944591
4184	16007711
4185	16008540
4186	16045422
4187	16060480
4188	16078660
4189	16108720
4190	16135290
4191	16136142
4192	16148871
4193	16149510
4194	16162801
4195	16186852
4196	16240962
4197	16258120
4198	16270401
4199	16312250
4200	16314631
4201	16322670
4202	16329480
4203	16333571
4204	16353570
4205	16373262
4206	16383011
4207	16383022
4208	16406092
4209	16406801
4210	16408100
4211	16433272
4212	16440240
4213	16446830
4214	16446890
4215	16463942
4216	16467780
4217	16501931
4218	16507391
4219	16508311
4220	16521092
4221	16533371
4222	16538400
4223	16540381
4224	16559660
4225	16562322
4226	16564190
4227	16565950
4228	16568210
4229	16589392
4230	16590192
4231	16594202
4232	16594720
4233	16607551
4234	16650211
4235	16661981
4236	16668831
4237	16691132
4238	16698351
4239	16733330
4240	16735532
4241	16741382
4242	16748530
4243	16751122
4244	16762752
4245	16774980
4246	16776852
4247	16781251
4248	16791412
4249	16818390
4250	16818670
4251	16836892
4252	16911111
4253	16916431
4254	16919140
4255	16919792
4256	16929051
4257	16933421
4258	16939070
4259	16963370
4260	16973790
4261	16981522
4262	17005091
4263	17010162
4264	17018872
4265	17053911
4266	17060342
4267	17064561
4268	17083682
4269	17085762
4270	17100920
4271	17128652
4272	17163521
4273	17208501
4274	17215361
4275	17227630
4276	17227861
4277	17228032
4278	17239410
4279	17252760
4280	17273110
4281	17277760
4282	17282722
4283	17287900
4284	17302312
4285	17302690
4286	17316330
4287	17320020
4288	17342691
4289	17346741
4290	17392361
4291	17397770
4292	17443152
4293	17455242
4294	17462810
4295	17508900
4296	17550782
4297	17551900
4298	17553242
4299	17561170
4300	17574421
4301	17577492
4302	17592641
4303	17596071
4304	17632062
4305	17661552
4306	17683390
4307	17703130
4308	17706940
4309	17713062
4310	17745080
4311	17745090
4312	17768582
4313	17824620
4314	17861172
4315	17867110
4316	17878742
4317	17898451
4318	17933311
4319	17936592
4320	17973642
4321	18009632
4322	18029640
4323	18054122
4324	18061251
4325	18092521
4326	18120571
4327	18146471
4328	18160190
4329	18185101
4330	18191371
4331	18200762
4332	18210421
4333	18235961
4334	18238541
4335	18247711
4336	18247952
4337	18260702
4338	18270472
4339	18273960
4340	18287150
4341	18321391
4342	18335730
4343	18366620
4344	18407540
4345	18412601
4346	18427560
4347	18429811
4348	18435712
4349	18440361
4350	18496880
4351	18506790
4352	18528502
4353	18532162
4354	18556302
4355	18607702
4356	18628252
4357	18628850
4358	18640372
4359	18657242
4360	18659622
4361	18668170
4362	18668261
4363	18668432
4364	18671291
4365	18711651
4366	18726510
4367	18761950
4368	18805462
4369	18806631
4370	18821110
4371	18862702
4372	18872090
4373	18917711
4374	18940742
4375	18945900
4376	18949771
4377	18975562
4378	18983241
4379	19012601
4380	19019832
4381	19031320
4382	19041602
4383	19061802
4384	19072121
4385	19111272
4386	19121392
4387	19563110
4388	19597340
4389	20014720
4390	20130150
4391	20164860
4392	20167342
4393	20266890
4394	20298712
4395	20301102
4396	20316942
4397	2353600
4398	2367602
4399	2372740
4400	2406770
4401	2435191
4402	2443002
4403	2464681
4404	2483911
4405	2485081
4406	2485972
4407	2506561
4408	2510510
4409	2534650
4410	2570481
4411	2604530
4412	2605782
4413	2618121
4414	2618330
4415	2681722
4416	2714630
4417	2725960
4418	2731822
4419	2754582
4420	2784571
4421	2788091
4422	2791702
4423	2800192
4424	2809150
4425	2814822
4426	2874660
4427	2911580
4428	2914271
4429	2920061
4430	2945462
4431	2968202
4432	2979431
4433	2988430
4434	2989492
4435	2998621
4436	3062801
4437	3069230
4438	3072651
4439	3095162
4440	3116160
4441	3163371
4442	3175562
4443	3178500
4444	3247220
4445	3251512
4446	3263782
4447	3270680
4448	3310711
4449	3395571
4450	3403991
4451	3405072
4452	3422021
4453	3482400
4454	3493190
4455	3494862
4456	3506272
4457	3512462
4458	3607062
4459	3647682
4460	3704071
4461	456740
4462	472492
4463	4750221
4464	4760902
4465	476091
4466	4761532
4467	4770440
4468	4771120
4469	480520
4470	4830801
4471	484190
4472	4851050
4473	4859031
4474	4867911
4475	4873722
4476	4941051
4477	4963252
4478	4973262
4479	499130
4480	5027401
4481	5061970
4482	5103502
4483	5135111
4484	5150552
4485	5154200
4486	5172561
4487	5182710
4488	5276080
4489	5289300
4490	5295442
4491	5333231
4492	5340301
4493	5348580
4494	5352200
4495	5364782
4496	5375342
4497	5400010
4498	5407071
4499	5444500
4500	5445771
4501	544870
4502	5483262
4503	5485812
4504	5486691
4505	5504792
4506	5510472
4507	5514162
4508	5544581
4509	5585991
4510	5628102
4511	5661682
4512	5672492
4513	5679150
4514	5703410
4515	5729002
4516	5731680
4517	5746362
4518	5756390
4519	5785482
4520	5799860
4521	5802391
4522	5803431
4523	5845180
4524	5858280
4525	5881120
4526	589431
4527	5894310
4528	5897601
4529	5909282
4530	5910292
4531	5948521
4532	5948702
4533	5994160
4534	599620
4535	6009060
4536	6010052
4537	6022732
4538	6057712
4539	606700
4540	6074762
4541	611751
4542	6137721
4543	6141691
4544	6152221
4545	6177541
4546	6177900
4547	6210881
4548	621711
4549	622001
4550	6227382
4551	623790
4552	6256881
4553	6272481
4554	6315591
4555	6380991
4556	6385251
4557	640092
4558	6407841
4559	6469360
4560	6499040
4561	6509130
4562	6514390
4563	6522330
4564	6534671
4565	6545130
4566	6549220
4567	6555371
4568	6582270
4569	6582892
4570	659250
4571	6612371
4572	6634091
4573	6643282
4574	6679910
4575	6693110
4576	6763392
4577	6781760
4578	6786500
4579	6788250
4580	6808321
4581	6808481
4582	681352
4583	6814182
4584	6825490
4585	6826370
4586	6847342
4587	6876040
4588	7565351
4589	7853792
4590	7858831
4591	7864000
4592	7906860
4593	7912080
4594	7913941
4595	7918002
4596	7918850
4597	7979531
4598	7988182
4599	8011420
4600	8013512
4601	8019021
4602	8038430
4603	8045831
4604	8046870
4605	8055552
4606	8059351
4607	8064262
4608	8067642
4609	8079112
4610	8081782
4611	8087840
4612	8104061
4613	8104360
4614	8111221
4615	8144042
4616	8165000
4617	8614222
4618	8618802
4619	8634371
4620	8634812
4621	8637082
4622	8638712
4623	8645190
4624	8773472
4625	8776451
4626	8794962
4627	8795362
4628	898780
4629	910682
4630	918130
4631	922030
4632	925001
4633	925722
4634	930051
4635	932772
4636	940442
4637	946250
4638	970142
4639	972382
4640	972842
4641	973000
4642	991690
4643	994502
4644	1005562
4645	1007482
4646	1010672
4647	1015271
4648	1015720
4649	1019422
4650	10303650
4651	10456011
4652	10773050
4653	11998931
4654	12717000
4655	12810521
4656	12828990
4657	12933410
4658	12959360
4659	12989080
4660	13000741
4661	13003480
4662	13211730
4663	13259951
4664	13301491
4665	13695092
4666	13718830
4667	13763611
4668	13792431
4669	13876800
4670	13946482
4671	13991610
4672	14057620
4673	14062452
4674	14073071
4675	14090342
4676	14139950
4677	14177860
4678	14343530
4679	14834270
4680	14834360
4681	14845582
4682	14891481
4683	14912972
4684	15031350
4685	15034060
4686	15036331
4687	15102331
4688	15122990
4689	15126281
4690	15127310
4691	15160511
4692	15192372
4693	15196491
4694	15221781
4695	15274260
4696	15297922
4697	15317231
4698	15373570
4699	15390742
4700	15405622
4701	15406872
4702	15441332
4703	15447041
4704	15449860
4705	15454830
4706	15463850
4707	15505500
4708	15511881
4709	15516702
4710	15559291
4711	15562150
4712	15575752
4713	15576002
4714	15578792
4715	15586560
4716	15603111
4717	15635670
4718	15729391
4719	15729480
4720	15741551
4721	15757901
4722	15782402
4723	15783702
4724	15797560
4725	15803952
4726	15819542
4727	15880432
4728	15938551
4729	15941812
4730	15943132
4731	15959062
4732	15984262
4733	15984750
4734	16019392
4735	16033082
4736	16061712
4737	16081041
4738	16097911
4739	16130320
4740	16130511
4741	16135022
4742	16151090
4743	16161742
4744	16175322
4745	16177131
4746	16182811
4747	16187501
4748	16212091
4749	16213361
4750	16245170
4751	16248680
4752	16253480
4753	16256980
4754	16268892
4755	16279362
4756	16280452
4757	16286952
4758	16304080
4759	16319581
4760	16328110
4761	16340212
4762	16342700
4763	16345000
4764	16345160
4765	16361471
4766	16372922
4767	16374751
4768	16379460
4769	16396342
4770	16423422
4771	16427251
4772	16435981
4773	16439730
4774	16453480
4775	16454011
4776	16495852
4777	16526302
4778	16526521
4779	16538360
4780	16552762
4781	16565051
4782	16575960
4783	16595550
4784	16603732
4785	16624541
4786	16628500
4787	16632860
4788	16656621
4789	16671852
4790	16700322
4791	16710862
4792	16723752
4793	16735850
4794	16760872
4795	16771472
4796	16771482
4797	16811300
4798	16812352
4799	16821571
4800	16826702
4801	16827042
4802	16873262
4803	16881920
4804	16889420
4805	16902631
4806	16921511
4807	16939230
4808	16982810
4809	17003260
4810	17026631
4811	17044102
4812	17114282
4813	17114792
4814	17126192
4815	17136322
4816	17150622
4817	17165441
4818	17190432
4819	17195090
4820	17230712
4821	17231400
4822	17297082
4823	17301312
4824	17321850
4825	17325600
4826	17393930
4827	17401050
4828	17448412
4829	17450911
4830	17467010
4831	17487750
4832	17500842
4833	17535582
4834	17537940
4835	17546812
4836	17553450
4837	17582512
4838	17638742
4839	17654330
4840	17683250
4841	17703391
4842	17745521
4843	17746771
4844	17798462
4845	17801421
4846	17825400
4847	17841452
4848	17872091
4849	17892551
4850	17943472
4851	17954822
4852	17968931
4853	17969540
4854	17982241
4855	18002150
4856	18003492
4857	18006951
4858	18024841
4859	18031842
4860	18033971
4861	18043892
4862	18045380
4863	18068911
4864	18079340
4865	18084752
4866	18118240
4867	18124260
4868	18134942
4869	18158410
4870	18174490
4871	18188392
4872	18217342
4873	18220631
4874	18224782
4875	18236681
4876	18239171
4877	18247272
4878	18275810
4879	18307831
4880	18327000
4881	18346141
4882	18349622
4883	18393312
4884	18404432
4885	18406891
4886	18414000
4887	18424012
4888	18473591
4889	18487811
4890	18491501
4891	18494390
4892	18496182
4893	18501752
4894	18516922
4895	18531032
4896	18532581
4897	18608562
4898	18613602
4899	18626391
4900	18638441
4901	18641720
4902	18647020
4903	18675471
4904	18681710
4905	18689821
4906	18695990
4907	18699472
4908	18728431
4909	18768780
4910	18771670
4911	18812242
4912	18827250
4913	18829590
4914	18833631
4915	18836581
4916	18888722
4917	18908231
4918	18914240
4919	18926661
4920	18931502
4921	18956111
4922	18975840
4923	18977592
4924	18978810
4925	18988990
4926	19029201
4927	19040060
4928	19077842
4929	19082330
4930	19082332
4931	19087140
4932	19088812
4933	19097092
4934	19114661
4935	19117471
4936	19134011
4937	19557792
4938	19641600
4939	19710650
4940	20314810
4941	2332671
4942	2374042
4943	2389710
4944	2412680
4945	2413102
4946	2434222
4947	2439330
4948	2447050
4949	2466550
4950	2472251
4951	2488292
4952	2512830
4953	2513181
4954	2524862
4955	2571000
4956	2583970
4957	2608572
4958	2610941
4959	2630792
4960	2630830
4961	2634191
4962	2669970
4963	2671390
4964	2677781
4965	2682002
4966	2682101
4967	2685230
4968	2685370
4969	2698002
4970	2717241
4971	2738331
4972	2745042
4973	2756190
4974	2781051
4975	2790600
4976	2796002
4977	2921400
4978	2926832
4979	2933522
4980	2945140
4981	2949432
4982	2960592
4983	2964680
4984	2966131
4985	2967090
4986	2972942
4987	2977910
4988	2995452
4989	3018990
4990	3045882
4991	3066152
4992	3074391
4993	3090330
4994	3098862
4995	3109350
4996	3137231
4997	3161791
4998	3280622
4999	3314850
5000	3328270
5001	3411610
5002	3442110
5003	3471691
5004	3475070
5005	3602921
5006	3657532
5007	3681111
5008	3727560
5009	3744991
5010	456972
5011	4760362
5012	477680
5013	478182
5014	4781912
5015	4786731
5016	479382
5017	4798610
5018	4799000
5019	4800940
5020	4839191
5021	4845730
5022	4857672
5023	489440
5024	490131
5025	4930140
5026	4962011
5027	4963680
5028	4975122
5029	4976972
5030	4979601
5031	5013500
5032	5030562
5033	5046472
5034	5055441
5035	5094652
5036	5100792
5037	510201
5038	5111671
5039	5153470
5040	5161811
5041	5188210
5042	5188630
5043	5197762
5044	520911
5045	5209851
5046	5225590
5047	527781
5048	5308820
5049	5379331
5050	5405521
5051	5440670
5052	5449800
5053	5462240
5054	5466670
5055	5469702
5056	5473600
5057	5474011
5058	5524780
5059	555240
5060	5574051
5061	559571
5062	5618750
5063	5622892
5064	5623891
5065	5687601
5066	5700941
5067	570662
5068	5725461
5069	5733900
5070	5774482
5071	581121
5072	5868241
5073	5888050
5074	5900210
5075	5917190
5076	5926401
5077	5930100
5078	5932432
5079	593441
5080	5940952
5081	5970310
5082	6017540
5083	6029270
5084	6030552
5085	6056920
5086	6061460
5087	6065410
5088	6073251
5089	6074702
5090	6075091
5091	6104281
5092	6124570
5093	6130961
5094	6131261
5095	6131841
5096	6143010
5097	6162490
5098	616312
5099	6166410
5100	6172860
5101	6178952
5102	6190221
5103	6200971
5104	6202131
5105	6232702
5106	6249352
5107	6250070
5108	6253810
5109	627871
5110	6289621
5111	6300280
5112	6301872
5113	6308962
5114	6329741
5115	6377011
5116	6382251
5117	6410091
5118	6431201
5119	6446600
5120	6451491
5121	6474551
5122	6506662
5123	6513160
5124	6514790
5125	6524981
5126	6538180
5127	6546822
5128	6550280
5129	6553311
5130	6557281
5131	6614121
5132	6620752
5133	6644282
5134	6648581
5135	6664680
5136	6671321
5137	6723512
5138	6738052
5139	6753382
5140	6754071
5141	6757100
5142	6764931
5143	6796431
5144	6799192
5145	6836141
5146	684751
5147	6854181
5148	6859591
5149	6861242
5150	6874871
5151	722812
5152	7521952
5153	7531642
5154	7573790
5155	7846482
5156	7846572
5157	7868571
5158	7870981
5159	7874100
5160	7881971
5161	7882390
5162	7886700
5163	7886931
5164	7892731
5165	7896582
5166	7898891
5167	7899080
5168	7901590
5169	7902730
5170	7908610
5171	7933712
5172	7938971
5173	7945801
5174	7957852
5175	7976840
5176	7982640
5177	7987310
5178	7997891
5179	7998731
5180	8006521
5181	8012551
5182	8016900
5183	8024912
5184	8030472
5185	8050250
5186	8053721
5187	8055720
5188	8057951
5189	8080871
5190	8083120
5191	8087051
5192	8088411
5193	8100432
5194	8122612
5195	8142371
5196	8164741
5197	8179171
5198	8264000
5199	8613590
5200	8619040
5201	8624922
5202	8628182
5203	8636450
5204	8723181
5205	8754541
5206	8790781
5207	8792582
5208	902522
5209	912980
5210	913881
5211	926420
5212	928680
5213	932461
5214	932731
5215	934720
5216	940120
5217	956812
5218	959762
5219	960481
5220	983861
5221	996812
5222	1000041
5223	1004381
5224	1004551
5225	1013820
5226	1015030
5227	1016902
5228	10370570
5229	10469282
5230	10502120
5231	10502182
5232	10594290
5233	1133012
5234	1141002
5235	12657832
5236	12678101
5237	12821290
5238	12828570
5239	12859902
5240	12993862
5241	12994932
5242	13052122
5243	13080842
5244	13179710
5245	13221860
5246	13368220
5247	13518401
5248	13527231
5249	13542832
5250	13559731
5251	13630342
5252	13684342
5253	13718051
5254	13744930
5255	13860702
5256	13953132
5257	13954720
5258	14015202
5259	14030250
5260	14044282
5261	14054580
5262	14118101
5263	14131262
5264	14143720
5265	14357591
5266	14400570
5267	14790582
5268	14837321
5269	14840522
5270	14841610
5271	14846742
5272	14859902
5273	14891092
5274	14917301
5275	14925560
5276	14929332
5277	14945720
5278	14948830
5279	14996942
5280	15000982
5281	15010381
5282	15025170
5283	15028101
5284	15077342
5285	15084830
5286	15122121
5287	15163971
5288	15178641
5289	15220231
5290	15235822
5291	15243471
5292	15258930
5293	15272090
5294	15302772
5295	15346220
5296	15363811
5297	15379811
5298	15398220
5299	15398621
5300	15429241
5301	15505230
5302	15507921
5303	15560732
5304	15561580
5305	15593281
5306	15607090
5307	15621890
5308	15687180
5309	15717971
5310	15767071
5311	15777561
5312	15780872
5313	15810211
5314	15814071
5315	15815840
5316	15861972
5317	15863260
5318	15873010
5319	15875201
5320	15973102
5321	15991002
5322	16039281
5323	16048650
5324	16093831
5325	16123950
5326	16136661
5327	16140481
5328	16178881
5329	16190660
5330	16196432
5331	16213401
5332	16229851
5333	16232310
5334	16243360
5335	16260680
5336	16269252
5337	16275770
5338	16285862
5339	16299810
5340	16311832
5341	16316591
5342	16323231
5343	16377482
5344	16388510
5345	16448482
5346	16472651
5347	16489932
5348	16512600
5349	16523612
5350	16525362
5351	16530601
5352	16546200
5353	16561712
5354	16572031
5355	16576822
5356	16587280
5357	16626742
5358	16638590
5359	16640621
5360	16645480
5361	16650921
5362	16656951
5363	16658920
5364	16747421
5365	16756160
5366	16777300
5367	16815410
5368	16851881
5369	16856542
5370	16874781
5371	16876420
5372	16895932
5373	16906312
5374	16951071
5375	16982091
5376	17030431
5377	17031521
5378	17055832
5379	17060631
5380	17070930
5381	17074461
5382	17114592
5383	17117332
5384	17135050
5385	17142700
5386	17206090
5387	17222430
5388	17223461
5389	17228311
5390	17287722
5391	17324540
5392	17337240
5393	17366801
5394	17368981
5395	17370922
5396	17380901
5397	17385700
5398	17406421
5399	17426460
5400	17427992
5401	17436182
5402	17453152
5403	17460961
5404	17461362
5405	17463582
5406	17481342
5407	17538342
5408	17548421
5409	17556121
5410	17566952
5411	17574951
5412	17594092
5413	17594380
5414	17605691
5415	17656062
5416	17656891
5417	17659881
5418	17670752
5419	17679480
5420	17703641
5421	17706251
5422	17722670
5423	17755372
5424	17761372
5425	17823650
5426	17826182
5427	17831461
5428	17845901
5429	17876521
5430	17883930
5431	17927262
5432	17949440
5433	17974401
5434	17975832
5435	17983001
5436	17990511
5437	18051790
5438	18112762
5439	18112771
5440	18122252
5441	18122332
5442	18122760
5443	18137990
5444	18144311
5445	18151030
5446	18161451
5447	18163521
5448	18174921
5449	18213832
5450	18217012
5451	18244510
5452	18263352
5453	18268782
5454	18270540
5455	18301030
5456	18313320
5457	18323410
5458	18329572
5459	18334192
5460	18369440
5461	18376452
5462	18384540
5463	18415332
5464	18430921
5465	18492302
5466	18495650
5467	18511721
5468	18529882
5469	18531031
5470	18532822
5471	18547741
5472	18567691
5473	18601342
5474	18601500
5475	18616532
5476	18626841
5477	18631320
5478	18633471
5479	18654621
5480	18656170
5481	18665671
5482	18674372
5483	18692912
5484	18737172
5485	18768930
5486	18803282
5487	18805692
5488	18846290
5489	18848392
5490	18891312
5491	18916362
5492	18959581
5493	19002442
5494	19014971
5495	19017421
5496	19025422
5497	19041230
5498	19049301
5499	19087491
5500	19113882
5501	19118542
5502	19538121
5503	19549100
5504	19551811
5505	19561480
5506	19590511
5507	19627201
5508	19674831
5509	19727091
5510	19839952
5511	19914631
5512	19995162
5513	19999531
5514	20068501
5515	20110830
5516	20152112
5517	20226360
5518	20226731
5519	20228441
5520	20229130
5521	20247832
5522	20258130
5523	20324800
5524	2349251
5525	2351551
5526	2357162
5527	2362950
5528	2374911
5529	2375681
5530	2378631
5531	2382560
5532	2387522
5533	2389302
5534	2392140
5535	2445590
5536	2466671
5537	2478481
5538	2485190
5539	2489691
5540	2556952
5541	2570342
5542	2576010
5543	2585140
5544	2586070
5545	2593541
5546	2613321
5547	2615100
5548	2616690
5549	2620121
5550	2654800
5551	2655822
5552	2671191
5553	2680621
5554	2686272
5555	2688902
5556	2691901
5557	2717282
5558	2735630
5559	2742231
5560	2745391
5561	2763852
5562	2768420
5563	2772262
5564	2794472
5565	2812841
5566	2822412
5567	2826232
5568	2827120
5569	2862122
5570	2867520
5571	2880502
5572	2880790
5573	2881821
5574	2891621
5575	2893811
5576	2898060
5577	2899912
5578	2911841
5579	2923932
5580	2932110
5581	2983032
5582	2991011
5583	3000162
5584	3024942
5585	3029372
5586	3104901
5587	3106811
5588	3123191
5589	3132100
5590	3134562
5591	3164752
5592	3173232
5593	3189732
5594	3227802
5595	3237871
5596	3312180
5597	3322692
5598	3336231
5599	3338080
5600	3373362
5601	3406160
5602	3414240
5603	3415881
5604	3434591
5605	3529932
5606	3542210
5607	3544272
5608	3553122
5609	3588300
5610	3647981
5611	3656920
5612	3679820
5613	3682481
5614	3719382
5615	459061
5616	469932
5617	475481
5618	4783481
5619	4801012
5620	4802271
5621	4830682
5622	4834861
5623	4859531
5624	4878412
5625	487871
5626	4880020
5627	4898142
5628	4917582
5629	492771
5630	4939471
5631	494782
5632	495950
5633	4964790
5634	4989412
5635	4998981
5636	5016762
5637	502882
5638	5034152
5639	5049352
5640	5060180
5641	5063490
5642	5069011
5643	508251
5644	5095112
5645	509562
5646	5148510
5647	5155461
5648	5165960
5649	517772
5650	5206251
5651	5239922
5652	5261492
5653	5263961
5654	527742
5655	5320212
5656	5327601
5657	5333461
5658	5333671
5659	5334460
5660	5335222
5661	5358742
5662	5362222
5663	5375000
5664	5375371
5665	5391190
5666	5394832
5667	540410
5668	540721
5669	5420491
5670	546682
5671	5469321
5672	5517962
5673	5521882
5674	5533341
5675	5564172
5676	5575480
5677	5580692
5678	559241
5679	5598951
5680	560301
5681	5608172
5682	5612741
5683	5617400
5684	5642201
5685	5650261
5686	5669950
5687	5686231
5688	5718250
5689	573402
5690	5741530
5691	5774600
5692	5784951
5693	5799870
5694	5815772
5695	5830240
5696	5842730
5697	5846701
5698	5866540
5699	5876162
5700	5920591
5701	5920802
5702	5925432
5703	5939801
5704	5962472
5705	5969520
5706	5982020
5707	598300
5708	5986641
5709	5997462
5710	5998371
5711	5999891
5712	6012831
5713	6013441
5714	6167262
5715	6178900
5716	6222981
5717	6225340
5718	624152
5719	6279090
5720	6306210
5721	6318990
5722	6325800
5723	6334741
5724	6335101
5725	6338140
5726	6340162
5727	6349691
5728	6352492
5729	6364341
5730	6374242
5731	6379621
5732	639952
5733	6404782
5734	6408810
5735	6413210
5736	6420131
5737	6427561
5738	643662
5739	6456682
5740	6458342
5741	6475290
5742	6477311
5743	6482890
5744	6523312
5745	6538860
5746	6543800
5747	6549050
5748	6560940
5749	6566742
5750	6569550
5751	6574430
5752	6626971
5753	6634580
5754	6656450
5755	6675232
5756	6698202
5757	6707230
5758	6709001
5759	6715890
5760	6722500
5761	6726032
5762	6737692
5763	6744520
5764	6753861
5765	6792312
5766	6832341
5767	6838970
5768	6839380
5769	6860772
5770	6867621
5771	687671
5772	7143932
5773	716781
5774	7525520
5775	7528070
5776	7542470
5777	7544882
5778	7558510
5779	7560221
5780	7847632
5781	7852831
5782	7853300
5783	7854080
5784	7859822
5785	7872411
5786	7875460
5787	7877121
5788	7887850
5789	7888231
5790	7889852
5791	7893430
5792	7897290
5793	7905192
5794	7908960
5795	7913820
5796	7926241
5797	7926621
5798	7927312
5799	7930250
5800	7933120
5801	7938180
5802	7938700
5803	7940892
5804	7961102
5805	7963850
5806	7965241
5807	7965560
5808	7974080
5809	7995651
5810	8009021
5811	8012842
5812	8014362
5813	8030081
5814	8042010
5815	8046770
5816	8048481
5817	8049450
5818	8052502
5819	8055550
5820	8061460
5821	8066770
5822	8086342
5823	8100851
5824	8123461
5825	8141002
5826	8172610
5827	8612460
5828	8720770
5829	8752712
5830	8758502
5831	8772701
5832	8792920
5833	8794720
5834	8806740
5835	889512
5836	889901
5837	895842
5838	904621
5839	921540
5840	924161
5841	938680
5842	943572
5843	954371
5844	956620
5845	961771
5846	981562
5847	981660
5848	983282
5849	984370
5850	984791
5851	9911080
5852	996012
5853	998512
5854	1001380
5855	10016272
5856	1005110
5857	1011020
5858	1011352
5859	1017361
5860	10341452
5861	10394911
5862	10483710
5863	10528300
5864	10623761
5865	10732401
5866	10758560
5867	1154810
5868	12910682
5869	12915132
5870	12916721
5871	12919101
5872	13004782
5873	13089111
5874	13113140
5875	13607510
5876	13638672
5877	13683170
5878	13689811
5879	13732252
5880	13747962
5881	13805790
5882	13811320
5883	13818171
5884	13887612
5885	13949902
5886	13969510
5887	13979012
5888	14114602
5889	14138822
5890	14149971
5891	14299171
5892	14314851
5893	14370951
5894	14371690
5895	14375210
5896	14798632
5897	14807420
5898	14807450
5899	14828772
5900	14842751
5901	14851582
5902	14857510
5903	14857861
5904	14861512
5905	14869992
5906	14882751
5907	14910330
5908	14929702
5909	14943630
5910	14975841
5911	14987191
5912	14990552
5913	15010831
5914	15016690
5915	15074621
5916	15087362
5917	15091680
5918	15118700
5919	15133082
5920	15168670
5921	15195740
5922	15205962
5923	15222181
5924	15243751
5925	15245360
5926	15316341
5927	15321232
5928	15326540
5929	15337150
5930	15350781
5931	15370680
5932	15382191
5933	15384520
5934	15386100
5935	15387000
5936	15389922
5937	15395431
5938	15420410
5939	15435551
5940	15437770
5941	15498721
5942	15547562
5943	15550172
5944	15555412
5945	15580460
5946	15604881
5947	15626000
5948	15642360
5949	15650500
5950	15670552
5951	15700660
5952	15711730
5953	15727470
5954	15743750
5955	15772541
5956	15778772
5957	15783800
5958	15786410
5959	15787431
5960	15801850
5961	15825452
5962	15835580
5963	15849970
5964	15864690
5965	15867022
5966	15878360
5967	15902160
5968	15922522
5969	15924542
5970	15941940
5971	15949552
5972	15970941
5973	16003212
5974	16055711
5975	16089960
5976	16091580
5977	16111841
5978	16138441
5979	16141252
5980	16150952
5981	16163891
5982	16195011
5983	16207190
5984	16214072
5985	16222822
5986	16231300
5987	16237801
5988	16241580
5989	16255211
5990	16283071
5991	16291431
5992	16294892
5993	16295410
5994	16304181
5995	16316942
5996	16317990
5997	16326032
5998	16328831
5999	16365292
6000	16366321
6001	16366460
6002	16367281
6003	16368670
6004	16374980
6005	16384821
6006	16389021
6007	16401451
6008	16410570
6009	16411491
6010	16428852
6011	16436821
6012	16444281
6013	16462760
6014	16471720
6015	16475310
6016	16477820
6017	16493170
6018	16538660
6019	16540091
6020	16542470
6021	16543530
6022	16553071
6023	16585152
6024	16595582
6025	16612561
6026	16625870
6027	16635642
6028	16645451
6029	16652592
6030	16654562
6031	16654860
6032	16655260
6033	16677622
6034	16691101
6035	16691761
6036	16697042
6037	16697290
6038	16704110
6039	16704821
6040	16708960
6041	16734191
6042	16750302
6043	16757440
6044	16765270
6045	16774741
6046	16781582
6047	16782822
6048	16792650
6049	16795690
6050	16812921
6051	16824692
6052	16825270
6053	16827720
6054	16832540
6055	16833552
6056	16840472
6057	16858432
6058	16908700
6059	16916690
6060	16923722
6061	16931410
6062	16949921
6063	17055420
6064	17057251
6065	17063862
6066	17103422
6067	17120131
6068	17127280
6069	17128031
6070	17129182
6071	17129270
6072	17135242
6073	17146431
6074	17152282
6075	17158901
6076	17162512
6077	17169810
6078	17193710
6079	17212591
6080	17241920
6081	17244410
6082	17245260
6083	17248840
6084	17270051
6085	17274542
6086	17304302
6087	17323501
6088	17370131
6089	17382151
6090	17386021
6091	17389922
6092	17390302
6093	17398231
6094	17400790
6095	17404272
6096	17410712
6097	17423912
6098	17429042
6099	17439890
6100	17449530
6101	17504202
6102	17506360
6103	17508871
6104	17525092
6105	17534810
6106	17534900
6107	17538371
6108	17547610
6109	17551142
6110	17555752
6111	17557720
6112	17596140
6113	17598442
6114	17599102
6115	17601171
6116	17633600
6117	17642182
6118	17685941
6119	17686402
6120	17690320
6121	17710710
6122	17728352
6123	17732592
6124	17748032
6125	17751390
6126	17761962
6127	17768941
6128	17780271
6129	17785371
6130	17823002
6131	17823940
6132	17828540
6133	17851781
6134	17905911
6135	17913401
6136	17922510
6137	17930850
6138	17939801
6139	17943250
6140	17946360
6141	17980040
6142	17988711
6143	18008710
6144	18020562
6145	18023222
6146	18123932
6147	18126480
6148	18158061
6149	18163242
6150	18169070
6151	18210972
6152	18217570
6153	18276792
6154	18319780
6155	18333510
6156	18342020
6157	18357900
6158	18362491
6159	18405771
6160	18406841
6161	18410852
6162	18415480
6163	18430181
6164	18431601
6165	18454030
6166	18454590
6167	18507620
6168	18525852
6169	18529960
6170	18549300
6171	18560192
6172	18571021
6173	18605380
6174	18610852
6175	18647852
6176	18656920
6177	18658152
6178	18667242
6179	18675002
6180	18694631
6181	18711121
6182	18720732
6183	18741111
6184	18746282
6185	18758332
6186	18770852
6187	18776651
6188	18788860
6189	18832111
6190	18837850
6191	18854821
6192	18892411
6193	18893231
6194	18948721
6195	18973200
6196	18975342
6197	18989651
6198	19014960
6199	19065282
6200	19067581
6201	19071500
6202	19082422
6203	19085491
6204	19106140
6205	19107482
6206	19111792
6207	19124362
6208	19135062
6209	19717501
6210	19720092
6211	19978910
6212	19981301
6213	20093332
6214	20100140
6215	20140252
6216	20183851
6217	20214691
6218	20230831
6219	20250270
6220	20267341
6221	20269620
6222	2329450
6223	2333081
6224	2337892
6225	2359392
6226	2374432
6227	2392741
6228	2393490
6229	2400421
6230	2403001
6231	2430962
6232	2443540
6233	2445010
6234	2451132
6235	2456752
6236	2469990
6237	2479820
6238	2485422
6239	2489360
6240	2498702
6241	2501431
6242	2539162
6243	2547442
6244	2566830
6245	2571102
6246	2578180
6247	2582290
6248	2583552
6249	2605180
6250	2611601
6251	2630571
6252	2646321
6253	2655632
6254	2662462
6255	2673941
6256	2676870
6257	2683000
6258	2684062
6259	2698260
6260	2715900
6261	2716110
6262	2742331
6263	2750131
6264	2763930
6265	2773441
6266	2779150
6267	2786791
6268	2803252
6269	2811750
6270	2821002
6271	2838420
6272	2840680
6273	2849130
6274	2851900
6275	2868610
6276	2893141
6277	2904521
6278	2919190
6279	2934061
6280	2942060
6281	2953291
6282	3004930
6283	3027691
6284	3036730
6285	3039682
6286	3052330
6287	3055912
6288	3059870
6289	3078832
6290	3082102
6291	3088211
6292	3140870
6293	3175672
6294	3237031
6295	3260221
6296	3323822
6297	3341260
6298	3349501
6299	3376722
6300	3431311
6301	3496502
6302	3512411
6303	3525062
6304	3534430
6305	3572962
6306	3585692
6307	3600060
6308	3663811
6309	3666332
6310	3727731
6311	3743282
6312	464600
6313	469191
6314	472880
6315	473042
6316	4762502
6317	477062
6318	479290
6319	4796581
6320	4796872
6321	4802172
6322	4810390
6323	4818300
6324	4828770
6325	4841210
6326	4863931
6327	487572
6328	4883120
6329	4889201
6330	4904411
6331	4915701
6332	492031
6333	4921250
6334	4922980
6335	4923980
6336	4925630
6337	495381
6338	4956690
6339	4961700
6340	4990631
6341	499571
6342	5010842
6343	504522
6344	5055051
6345	5058250
6346	5065941
6347	5073192
6348	5117392
6349	5137441
6350	515500
6351	5168170
6352	5219221
6353	5241200
6354	5250542
6355	527920
6356	5291640
6357	530080
6358	533350
6359	5340402
6360	5347532
6361	5372540
6362	537710
6363	5388571
6364	5414762
6365	5417531
6366	5420411
6367	5422070
6368	543350
6369	5444822
6370	5456850
6371	547410
6372	5484371
6373	5492882
6374	5495830
6375	5526491
6376	552961
6377	5533691
6378	5534380
6379	554060
6380	5544271
6381	555460
6382	5569832
6383	5582542
6384	5585340
6385	558781
6386	5588490
6387	5590750
6388	5595050
6389	5625291
6390	5629891
6391	5630900
6392	5636261
6393	5642470
6394	5645251
6395	564680
6396	5648562
6397	5663491
6398	567210
6399	5676150
6400	5684232
6401	5686842
6402	5700861
6403	5701100
6404	5704670
6405	5706572
6406	5729091
6407	5735732
6408	5744872
6409	5746992
6410	5756671
6411	5757511
6412	578410
6413	5789510
6414	5794551
6415	5807520
6416	5811410
6417	5811440
6418	5828602
6419	5891201
6420	5902272
6421	594250
6422	5947870
6423	5955861
6424	5961400
6425	596411
6426	5969750
6427	5981910
6428	5992002
6429	5997262
6430	5997382
6431	602310
6432	6055320
6433	6055961
6434	6060010
6435	6091722
6436	6095091
6437	6157552
6438	6177051
6439	619220
6440	620080
6441	6225730
6442	625652
6443	6283021
6444	6309450
6445	6316341
6446	6328010
6447	6349100
6448	6384140
6449	6388401
6450	640231
6451	6414661
6452	6415960
6453	6429962
6454	647131
6455	6483640
6456	6484690
6457	648480
6458	6493820
6459	6514110
6460	6521202
6461	6533841
6462	6559952
6463	6566591
6464	6574251
6465	6581870
6466	6584870
6467	6595920
6468	6596541
6469	6601871
6470	6604130
6471	6604552
6472	6613711
6473	6640202
6474	6680930
6475	6685641
6476	6699152
6477	6704431
6478	6736530
6479	6744970
6480	6745531
6481	6771421
6482	6791821
6483	6818481
6484	6844311
6485	6849842
6486	6873210
6487	6878100
6488	6881651
6489	7144150
6490	7144241
6491	7144501
6492	7521510
6493	7544870
6494	7550252
6495	7560751
6496	7853230
6497	7855971
6498	7856602
6499	7858660
6500	7861882
6501	7873220
6502	7882382
6503	7883450
6504	7885891
6505	7889870
6506	7894981
6507	7899742
6508	7903842
6509	7903850
6510	7909212
6511	7910870
6512	7910911
6513	7915140
6514	7917822
6515	7919080
6516	7922750
6517	7923072
6518	7952591
6519	7955242
6520	7961750
6521	7967711
6522	7972081
6523	7972921
6524	7981882
6525	7982921
6526	7984552
6527	7984901
6528	8001880
6529	8045881
6530	8051260
6531	8052221
6532	8053541
6533	8067342
6534	8078890
6535	8082570
6536	8111660
6537	8113071
6538	8127972
6539	8129452
6540	8131522
6541	8163792
6542	8191322
6543	8192672
6544	8198560
6545	8200750
6546	8260332
6547	8613531
6548	8613832
6549	8621552
6550	8626360
6551	8639990
6552	8753751
6553	8788870
6554	8790141
6555	8792801
6556	8793612
6557	8795190
6558	8798600
6559	8803971
6560	8805731
6561	889511
6562	898590
6563	904202
6564	929770
6565	937290
6566	939500
6567	947350
6568	958340
6569	966030
6570	966311
6571	966631
6572	971052
6573	971180
6574	973051
6575	976451
6576	9788351
6577	981310
6578	9850510
6579	994240
6580	994880
6581	9974201
