0	588
1	231
2	316
3	329
4	292
5	185
6	356
7	480
8	364
9	589
10	377
11	420
12	539
13	586
14	355
15	370
16	466
17	520
18	594
19	362
20	616
21	122
22	590
23	592
24	150
25	153
26	165
27	595
28	161
29	110
30	34
31	410
32	500
33	587
34	317
35	266
36	32
37	608
38	1183
39	30
40	562
41	1046
42	412
43	47
44	538
45	1104
46	326
47	527
48	532
49	923
50	1219
51	541
52	1225
53	495
54	334
55	920
56	1096
57	446
58	919
59	1230
60	1295
61	1199
62	926
63	1235
64	1196
65	858
66	1193
67	2396
68	260
69	3996
70	457
71	1197
72	1277
73	1304
74	2571
75	3578
76	3994
77	1584
78	1653
79	912
80	4226
81	599
82	4406
83	3365
84	2395
85	3703
86	1252
87	930
88	1248
89	1284
90	2186
91	4432
92	913
93	1387
94	899
95	2762
96	903
97	904
98	1212
99	1254
100	908
101	1260
102	2791
103	1320
104	1625
105	70
106	2167
107	1527
108	1658
109	7360
110	1676
111	5283
112	2858
113	1215
114	328
115	4878
116	5903
117	1200
118	6539
119	2841
120	50
121	4027
122	1754
123	5152
124	6953
125	4499
126	3752
127	1732
128	6870
129	3264
130	235
131	2502
132	1500
133	1288
134	38061
135	3429
136	7361
137	44761
138	1041
139	1233
140	2028
141	1784
142	265
143	21
144	1678
145	1643
146	1835
147	1131
148	1132
149	1172
150	1264
151	1296
152	1674
153	2022
154	2020
155	2931
156	2938
157	2075
158	2352
159	1208
160	1913
161	1307
162	440
163	2686
164	2671
165	1198
166	1291
167	1376
168	1097
169	1240
170	1270
171	1210
172	2916
173	1580
174	1610
175	349
176	3061
177	1028
178	2565
179	1947
180	1333
181	2716
182	1617
183	2301
184	4958
185	2746
186	924
187	4993
188	3471
189	4308
190	5299
191	40826
192	1136
193	6863
194	8368
195	8636
196	40815
197	1175
198	1570
199	1306
200	3101
201	4102
202	5122
203	2291
204	5952
205	6316
206	3435
207	3704
208	1997
209	2353
210	3793
211	802
212	1321
213	915
214	593
215	965
216	111
217	1214
218	1249
219	3147
220	1588
221	1641
222	246
223	1259
224	720
225	17
226	1246
227	1192
228	497
229	28
230	953
231	1275
232	1425
233	1080
234	1282
235	1148
236	508
237	1220
238	1224
239	277
240	1408
241	1079
242	1223
243	222
244	1033
245	1022
246	1188
247	224
248	1290
249	353
250	1380
251	74
252	1
253	708
254	745
255	838
256	339
257	293
258	300
259	232
260	261
261	306
262	62
263	733
264	786
265	1356
266	805
267	832
268	1393
269	64
270	780
271	3977
272	3879
273	3882
274	3889
275	3885
276	1489
277	852
278	104
279	116
280	1042
281	848
282	141
283	736
284	783
285	1391
286	648
287	107
288	1409
289	597
290	1377
291	1027
292	282
293	1247
294	553
295	1394
296	380
297	954
298	318
299	1023
300	1278
301	1035
302	1258
303	1029
304	1271
305	368
306	914
307	230
308	1207
309	1265
310	1231
311	11
312	367
313	1374
314	932
315	1242
316	151
317	678
318	371
319	524
320	2872
321	3107
322	2826
323	24
324	2334
325	1876
326	333
327	3949
328	1206
329	2959
330	778
331	2692
332	296
333	1213
334	1089
335	5989
336	6
337	4262
338	1729
339	2081
340	5902
341	2918
342	1968
343	5103
344	1517
345	180
346	4623
347	1378
348	216
349	2060
350	5110
351	2908
352	1204
353	1262
354	1221
355	671
356	16
357	6001
358	3527
359	555
360	4105
361	4011
362	1036
363	4973
364	2297
365	27808
366	6155
367	8916
368	1552
369	2803
370	45447
371	7445
372	4720
373	1479
374	4148
375	5108
376	4054
377	47970
378	8533
379	8965
380	7366
381	31685
382	2340
383	1892
384	3186
385	1047
386	1615
387	5364
388	47099
389	6187
390	56367
391	3081
392	2683
393	866
394	714
395	1673
396	1147
397	3173
398	2145
399	910
400	3421
401	3396
402	2248
403	2144
404	509
405	2273
406	1672
407	2302
408	39
409	7
410	1569
411	1485
412	2124
413	289
414	1777
415	3
416	267
417	1359
418	1379
419	1390
420	236
421	1604
422	552
423	765
424	5
425	830
426	1021
427	1629
428	1453
429	1704
430	1721
431	1680
432	1095
433	2599
434	3006
435	3125
436	290
437	3246
438	1594
439	994
440	549
441	162
442	602
443	1034
444	1094
445	25
446	1834
447	1912
448	1179
449	1354
450	1466
451	1966
452	441
453	529
454	477
455	1392
456	348
457	1358
458	314
459	125
460	2321
461	1682
462	803
463	2171
464	916
465	1244
466	955
467	2064
468	2289
469	2111
470	3039
471	3072
472	1285
473	2401
474	3932
475	3513
476	695
477	3897
478	8917
479	7153
480	34405
481	6874
482	4995
483	33166
484	5617
485	8370
486	3910
487	8327
488	7371
489	3000
490	7438
491	741
492	5954
493	2810
494	3160
495	10
496	253
497	2710
498	357
499	922
500	2203
501	1344
502	942
503	2729
504	534
505	194
506	949
507	909
508	1177
509	2333
510	1944
511	1150
512	2130
513	1272
514	1719
515	2076
516	1683
517	2069
518	58
519	951
520	1269
521	2205
522	898
523	933
524	911
525	1963
526	1276
527	2176
528	906
529	1939
530	928
531	1938
532	2206
533	1684
534	1945
535	1178
536	1946
537	2593
538	2212
539	1086
540	2183
541	900
542	2208
543	2184
544	2185
545	969
546	950
547	492
548	1092
549	471
550	945
551	1081
552	2099
553	918
554	1057
555	1066
556	750
557	5060
558	1256
559	3044
560	1283
561	1266
562	3097
563	3176
564	2708
565	753
566	3307
567	3543
568	3629
569	3334
570	2712
571	2997
572	3831
573	1088
574	3929
575	905
576	947
577	3088
578	3341
579	4034
580	3801
581	4037
582	3683
583	2940
584	2927
585	3808
586	3504
587	4970
588	3363
589	615
590	3260
591	2612
592	3152
593	1185
594	3475
595	3685
596	1929
597	3067
598	2324
599	1013
600	3201
601	3405
602	1961
603	3418
604	1273
605	1211
606	3011
607	3546
608	3379
609	3022
610	1077
611	1125
612	1234
613	2369
614	728
615	1923
616	1279
617	4014
618	4246
619	4077
620	3606
621	3849
622	2018
623	4381
624	4914
625	4979
626	4848
627	4926
628	4920
629	2066
630	5013
631	4733
632	5135
633	1152
634	5434
635	4969
636	4754
637	5120
638	4263
639	1300
640	5367
641	4840
642	4186
643	4280
644	4881
645	4464
646	2917
647	6711
648	8949
649	7215
650	34528
651	49932
652	33237
653	46578
654	39292
655	2150
656	8781
657	2243
658	36
659	2078
660	2947
661	2694
662	2490
663	2906
664	3185
665	3114
666	4235
667	1884
668	48516
669	2019
670	8228
671	2726
672	5008
673	6579
674	6581
675	4359
676	8336
677	3030
678	5291
679	2202
680	931
681	2227
682	2182
683	2178
684	2181
685	2219
686	8235
687	8670
688	6643
689	3306
690	5017
691	2010
692	4768
693	3641
694	3462
695	1281
696	8511
697	3559
698	3310
699	2948
700	7934
701	2973
702	6993
703	3814
704	2065
705	2750
706	2290
707	1701
708	7210
709	3095
710	5826
711	7072
712	25938
713	5440
714	1226
715	1935
716	1228
717	1209
718	1227
719	1201
720	25788
721	4329
722	4356
723	6401
724	6522
725	5397
726	7212
727	2660
728	1232
729	3503
730	6429
731	6426
732	7091
733	7132
734	7073
735	902
736	2728
737	1222
738	6985
739	7013
740	30707
741	7065
742	7243
743	1250
744	2067
745	1263
746	3676
747	2966
748	1934
749	2935
750	6254
751	1217
752	6783
753	32316
754	3134
755	680
756	3232
757	7074
758	8125
759	7943
760	7116
761	4404
762	7064
763	8620
764	5304
765	7070
766	6650
767	8601
768	2731
769	5177
770	6273
771	25769
772	25940
773	2351
774	7327
775	6611
776	6666
777	8154
778	7234
779	3089
780	3468
781	7218
782	8239
783	1348
784	946
785	1203
786	3730
787	3681
788	8199
789	940
790	3742
791	8507
792	7700
793	1253
794	41285
795	2366
796	3507
797	7581
798	1274
799	4306
800	494
801	112
802	788
803	9
804	673
805	640
806	748
807	1061
808	76
809	839
810	61
811	694
812	799
813	836
814	809
815	1004
816	1499
817	1515
818	1573
819	1497
820	1578
821	2988
822	1103
823	2797
824	2985
825	927
826	3028
827	2550
828	2303
829	2132
830	1251
831	1952
832	2160
833	2313
834	2739
835	1960
836	2915
837	2926
838	2920
839	1054
840	1073
841	1012
842	647
843	2687
844	1907
845	2929
846	2968
847	3037
848	1289
849	506
850	3087
851	3470
852	3473
853	3700
854	1734
855	4016
856	4366
857	2542
858	2329
859	344
860	223
861	281
862	249
863	515
864	1635
865	2804
866	2871
867	337
868	3112
869	154
870	5293
871	55820
872	454
873	1218
874	3819
875	921
876	2288
877	3671
878	3360
879	3959
880	3702
881	3624
882	2108
883	2355
884	663
885	3213
886	434
887	168
888	204
889	474
890	551
891	163
892	272
893	5747
894	6773
895	4407
896	1449
897	7063
898	1243
899	3359
900	3811
901	1189
902	2390
903	1202
904	3608
905	7069
906	4223
907	1965
908	2117
909	5932
910	5876
911	6440
912	4642
913	6978
914	8622
915	6971
916	4873
917	44191
918	3706
919	3448
920	4874
921	2532
922	4327
923	2232
924	1293
925	31658
926	49957
927	53996
928	6350
929	2572
930	1093
931	968
932	2723
933	2394
934	2384
935	1954
936	4022
937	3751
938	2336
939	3175
940	3623
941	2700
942	3253
943	3033
944	6333
945	4963
946	6365
947	5378
948	6934
949	5254
950	2628
951	6548
952	3717
953	4568
954	2706
955	4718
956	5481
957	5014
958	5349
959	3510
960	3785
961	3916
962	4453
963	3980
964	7454
965	7254
966	288
967	637
968	761
969	1367
970	2691
971	2919
972	2398
973	1396
974	2529
975	5418
976	6576
977	45722
978	5064
979	8340
980	2819
981	5294
982	8575
983	8581
984	6979
985	8914
986	5995
987	4641
988	2115
989	2424
990	59501
991	58998
992	58103
993	299
994	1953
995	2194
996	3384
997	2859
998	1927
999	1245
1000	3071
1001	2788
1002	3548
1003	1962
1004	1187
1005	3501
1006	3096
1007	2312
1008	1049
1009	2736
1010	468
1011	2278
1012	2688
1013	517
1014	2359
1015	145
1016	5464
1017	41
1018	766
1019	1357
1020	1053
1021	1464
1022	29
1023	2662
1024	2761
1025	1748
1026	2987
1027	1340
1028	2664
1029	1337
1030	2647
1031	2654
1032	5649
1033	1350
1034	1994
1035	2120
1036	2454
1037	2455
1038	382
1039	1334
1040	2717
1041	1725
1042	1237
1043	1299
1044	1949
1045	2925
1046	1084
1047	1633
1048	1280
1049	1956
1050	2071
1051	1914
1052	2501
1053	1950
1054	1090
1055	2732
1056	3035
1057	3062
1058	943
1059	3098
1060	1810
1061	3060
1062	3135
1063	1660
1064	3090
1065	1639
1066	1302
1067	1124
1068	3100
1069	3108
1070	944
1071	1186
1072	1287
1073	2640
1074	1301
1075	2268
1076	2006
1077	1722
1078	2990
1079	4005
1080	2080
1081	1688
1082	1916
1083	4326
1084	7044
1085	73
1086	2857
1087	3724
1088	3633
1089	7405
1090	2
1091	158
1092	225
1093	248
1094	256
1095	257
1096	186
1097	207
1098	837
1099	140
1100	95
1101	737
1102	1405
1103	4424
1104	3169
1105	1267
1106	336
1107	1292
1108	1343
1109	3019
1110	1238
1111	3104
1112	2174
1113	2503
1114	2618
1115	3424
1116	1797
1117	1788
1118	3481
1119	1190
1120	1078
1121	2596
1122	2357
1123	3699
1124	3735
1125	3362
1126	345
1127	3020
1128	1060
1129	1236
1130	3526
1131	3684
1132	1173
1133	3210
1134	3422
1135	2003
1136	2165
1137	2890
1138	3267
1139	3967
1140	2109
1141	4066
1142	2282
1143	4079
1144	3952
1145	2677
1146	4116
1147	175
1148	3911
1149	69
1150	2015
1151	2087
1152	653
1153	1019
1154	2054
1155	4025
1156	3159
1157	2427
1158	3753
1159	3554
1160	2300
1161	1416
1162	1171
1163	3052
1164	2905
1165	5816
1166	4783
1167	6296
1168	6947
1169	3148
1170	7836
1171	6618
1172	6016
1173	1921
1174	6787
1175	6807
1176	3740
1177	6942
1178	7209
1179	5618
1180	2005
1181	4571
1182	5540
1183	3499
1184	2951
1185	2467
1186	6502
1187	2011
1188	2403
1189	1370
1190	7004
1191	2402
1192	1255
1193	4036
1194	2483
1195	4103
1196	7022
1197	5288
1198	4007
1199	3386
1200	1120
1201	4304
1202	44665
1203	273
1204	2325
1205	2641
1206	3174
1207	247
1208	1129
1209	1375
1210	610
1211	2648
1212	1663
1213	971
1214	2371
1215	2470
1216	5218
1217	2000
1218	3301
1219	3483
1220	3948
1221	3617
1222	2707
1223	188
1224	3105
1225	1442
1226	2875
1227	2294
1228	2431
1229	2447
1230	1541
1231	3917
1232	3450
1233	3552
1234	2139
1235	44
1236	1339
1237	196
1238	157
1239	1974
1240	2787
1241	1976
1242	27878
1243	34153
1244	2504
1245	5255
1246	5292
1247	4816
1248	4823
1249	5310
1250	4734
1251	4975
1252	4010
1253	2450
1254	5303
1255	785
1256	2598
1257	4896
1258	4678
1259	5438
1260	3358
1261	1297
1262	3591
1263	1257
1264	4276
1265	4002
1266	514
1267	4799
1268	2423
1269	2518
1270	4214
1271	4679
1272	4489
1273	5125
1274	4012
1275	4509
1276	543
1277	3040
1278	3261
1279	3861
1280	4591
1281	2718
1282	2110
1283	3809
1284	5101
1285	1194
1286	2134
1287	2249
1288	4135
1289	2372
1290	2796
1291	2478
1292	3524
1293	603
1294	4221
1295	250
1296	2072
1297	4585
1298	203
1299	3525
1300	4418
1301	1646
1302	4929
1303	2509
1304	4649
1305	2375
1306	2735
1307	3394
1308	88
1309	710
1310	4149
1311	4215
1312	4732
1313	1126
1314	3511
1315	1261
1316	2863
1317	2795
1318	3074
1319	1032
1320	1957
1321	4787
1322	5650
1323	2106
1324	851
1325	4600
1326	5991
1327	5785
1328	5377
1329	2474
1330	2118
1331	2100
1332	2414
1333	3791
1334	3688
1335	5245
1336	6044
1337	2642
1338	2643
1339	2271
1340	2952
1341	3477
1342	5055
1343	5620
1344	6188
1345	6157
1346	5679
1347	5577
1348	1121
1349	212
1350	3178
1351	2195
1352	63
1353	784
1354	5584
1355	6348
1356	6315
1357	5673
1358	665
1359	1298
1360	36517
1361	8042
1362	3972
1363	2924
1364	5690
1365	27773
1366	27592
1367	8014
1368	5971
1369	6920
1370	1411
1371	123
1372	52
1373	105
1374	307
1375	3203
1376	3505
1377	1645
1378	4855
1379	3798
1380	2541
1381	3745
1382	7293
1383	6659
1384	6957
1385	376
1386	628
1387	631
1388	1059
1389	1407
1390	1399
1391	319
1392	431
1393	198
1394	444
1395	3467
1396	8477
1397	4886
1398	5669
1399	5630
1400	475
1401	8961
1402	51662
1403	48394
1404	60069
1405	59784
1406	1127
1407	661
1408	2387
1409	1566
1410	1476
1411	1441
1412	3863
1413	45728
1414	2581
1415	3252
1416	147
1417	2422
1418	4023
1419	6793
1420	48385
1421	54286
1422	5541
1423	280
1424	361
1425	1459
1426	7938
1427	5782
1428	6331
1429	6235
1430	5446
1431	6385
1432	7090
1433	6377
1434	7478
1435	5147
1436	6791
1437	27846
1438	7482
1439	6662
1440	6461
1441	1101
1442	2407
1443	8970
1444	6218
1445	4019
1446	44195
1447	3224
1448	33794
1449	7762
1450	8195
1451	4422
1452	8665
1453	6339
1454	1216
1455	308
1456	1419
1457	4927
1458	1757
1459	5445
1460	3070
1461	4713
1462	2311
1463	6094
1464	2021
1465	4552
1466	2009
1467	6303
1468	1371
1469	707
1470	3328
1471	3521
1472	5015
1473	5388
1474	3272
1475	1589
1476	1711
1477	5334
1478	4369
1479	3265
1480	3519
1481	4947
1482	3729
1483	3755
1484	4964
1485	4467
1486	1085
1487	3168
1488	1848
1489	4980
1490	2090
1491	681
1492	2696
1493	2012
1494	44199
1495	800
1496	1885
1497	324
1498	2468
1499	892
1500	1948
1501	2245
1502	2436
1503	195
1504	2946
1505	2738
1506	242
1507	3093
1508	350
1509	271
1510	1694
1511	1955
1512	1959
1513	488
1514	455
1515	3111
1516	3078
1517	3783
1518	3827
1519	1693
1520	3255
1521	40
1522	121
1523	2341
1524	4978
1525	936
1526	1873
1527	1303
1528	2236
1529	948
1530	1958
1531	2085
1532	2528
1533	1650
1534	2533
1535	1735
1536	613
1537	2180
1538	2983
1539	1792
1540	897
1541	2151
1542	2531
1543	3073
1544	1687
1545	3066
1546	3079
1547	2391
1548	114
1549	2969
1550	2114
1551	3004
1552	2594
1553	3741
1554	4437
1555	3947
1556	482
1557	3075
1558	2210
1559	3476
1560	5198
1561	1648
1562	2204
1563	4006
1564	1967
1565	144
1566	279
1567	65
1568	724
1569	711
1570	818
1571	43
1572	85
1573	704
1574	842
1575	1105
1576	3163
1577	3456
1578	3357
1579	3983
1580	4643
1581	3788
1582	3654
1583	4085
1584	2944
1585	1597
1586	1801
1587	1544
1588	4047
1589	1917
1590	2921
1591	3508
1592	4033
1593	6104
1594	3868
1595	2344
1596	2846
1597	7560
1598	14
1599	82
1600	6743
1601	5613
1602	55768
1603	32460
1604	3984
1605	428
1606	183
1607	1083
1608	3723
1609	3551
1610	171
1611	432
1612	19
1613	31
1614	276
1615	159
1616	68
1617	662
1618	531
1619	262
1620	3361
1621	7149
1622	1572
1623	2970
1624	1305
1625	3415
1626	2932
1627	1176
1628	4928
1629	6241
1630	6023
1631	3645
1632	7301
1633	6271
1634	4298
1635	4405
1636	2936
1637	6918
1638	7067
1639	26131
1640	2131
1641	668
1642	8724
1643	7759
1644	7749
1645	8197
1646	26151
1647	26578
1648	27266
1649	8785
1650	8256
1651	25805
1652	2023
1653	2724
1654	4901
1655	3007
1656	3266
1657	2617
1658	507
1659	2511
1660	2024
1661	2657
1662	864
1663	583
1664	176
1665	1446
1666	2349
1667	1414
1668	496
1669	1747
1670	2247
1671	3076
1672	3046
1673	1091
1674	2752
1675	456
1676	59
1677	3876
1678	501
1679	2830
1680	1889
1681	535
1682	1730
1683	2493
1684	448
1685	2318
1686	3728
1687	503
1688	2693
1689	1050
1690	1268
1691	1365
1692	1366
1693	369
1694	2295
1695	3915
1696	6460
1697	1545
1698	2239
1699	4361
1700	4427
1701	4612
1702	4546
1703	3727
1704	3068
1705	4190
1706	5893
1707	4570
1708	3571
1709	4378
1710	5049
1711	4210
1712	3701
1713	5553
1714	4690
1715	7706
1716	2238
1717	6667
1718	7076
1719	6620
1720	6663
1721	8772
1722	4232
1723	7335
1724	7820
1725	39183
1726	41569
1727	4833
1728	31705
1729	8492
1730	7561
1731	26939
1732	26119
1733	7566
1734	48043
1735	44555
1736	51255
1737	55080
1738	48774
1739	47894
1740	8930
1741	4967
1742	49961
1743	56286
1744	55814
1745	51007
1746	40870
1747	52579
1748	4921
1749	3668
1750	4446
1751	6093
1752	2141
1753	5415
1754	2161
1755	2125
1756	3270
1757	2883
1758	2833
1759	1537
1760	986
1761	2102
1762	2137
1763	4041
1764	219
1765	237
1766	435
1767	177
1768	193
1769	338
1770	381
1771	762
1772	164
1773	2097
1774	3275
1775	4939
1776	5077
1777	4322
1778	5899
1779	5502
1780	342
1781	3420
1782	3480
1783	2193
1784	6818
1785	8484
1786	26082
1787	6098
1788	5194
1789	1900
1790	442
1791	252
1792	1429
1793	101
1794	2580
1795	2879
1796	3682
1797	3545
1798	3679
1799	4104
1800	4100
1801	4084
1802	5319
1803	48780
1804	3535
1805	54997
1806	8950
1807	41997
1808	8798
1809	8873
1810	8641
1811	34162
1812	50872
1813	2911
1814	5515
1815	6291
1816	5992
1817	2585
1818	173
1819	30749
1820	33437
1821	45210
1822	44004
1823	6754
1824	6323
1825	8874
1826	8957
1827	31696
1828	8861
1829	4776
1830	32587
1831	31952
1832	5026
1833	34319
1834	4383
1835	27788
1836	43921
1837	4238
1838	30810
1839	35836
1840	44197
1841	33004
1842	8528
1843	39381
1844	31660
1845	34534
1846	8937
1847	4866
1848	5574
1849	8831
1850	8132
1851	27816
1852	33162
1853	2231
1854	6887
1855	48322
1856	46322
1857	40412
1858	42718
1859	52241
1860	55290
1861	57669
1862	416
1863	1241
1864	3244
1865	2764
1866	2993
1867	2989
1868	3993
1869	6881
1870	2721
1871	45
1872	1717
1873	4974
1874	3707
1875	2971
1876	1587
1877	5463
1878	493
1879	1769
1880	5507
1881	3452
1882	6179
1883	2625
1884	464
1885	4344
1886	4442
1887	4466
1888	996
1889	4887
1890	2058
1891	31410
1892	214
1893	31923
1894	3836
1895	30850
1896	5500
1897	27660
1898	3198
1899	33493
1900	8360
1901	2763
1902	2881
1903	1385
1904	5035
1905	5404
1906	5410
1907	3222
1908	3032
1909	4723
1910	6184
1911	540
1912	18
1913	102
1914	1831
1915	413
1916	405
1917	59315
1918	47610
1919	49530
1920	8010
1921	33660
1922	49272
1923	2770
1924	1010
1925	952
1926	934
1927	2527
1928	2363
1929	1014
1930	1018
1931	2136
1932	2870
1933	3296
1934	233
1935	2912
1936	3556
1937	2794
1938	2140
1939	2772
1940	27772
1941	1982
1942	5449
1943	4865
1944	4867
1945	27801
1946	7387
1947	5956
1948	6591
1949	27317
1950	5608
1951	2096
1952	917
1953	570
1954	3852
1955	1859
1956	80
1957	4187
1958	4857
1959	3469
1960	973
1961	6669
1962	6270
1963	8530
1964	3871
1965	27803
1966	1031
1967	4069
1968	1082
1969	3196
1970	585
1971	4018
1972	3844
1973	2747
1974	2406
1975	2779
1976	2241
1977	3869
1978	1772
1979	2792
1980	3733
1981	3859
1982	1942
1983	3821
1984	6724
1985	5938
1986	4703
1987	4458
1988	7647
1989	991
1990	2116
1991	2034
1992	2043
1993	3918
1994	5305
1995	1347
1996	2459
1997	2163
1998	5010
1999	4850
2000	1590
2001	5069
2002	425
2003	2146
2004	1015
2005	938
2006	2941
2007	1345
2008	4161
2009	3893
2010	1964
2011	79
2012	767
2013	801
2014	886
2015	999
2016	37741
2017	3181
2018	7147
2019	2413
2020	8784
2021	8983
2022	6183
2023	8915
2024	7227
2025	2083
2026	27815
2027	4828
2028	7151
2029	4990
2030	199
2031	6283
2032	2323
2033	1649
2034	3677
2035	2105
2036	26606
2037	3978
2038	4741
2039	2976
2040	4633
2041	5436
2042	3538
2043	7323
2044	7139
2045	6808
2046	3498
2047	3102
2048	3034
2049	8596
2050	47629
2051	46
2052	781
2053	2330
2054	3018
2055	735
2056	5573
2057	6319
2058	1461
2059	208
2060	469
2061	1286
2062	4021
2063	3579
2064	5668
2065	4128
2066	3686
2067	7334
2068	2600
2069	1191
2070	3153
2071	2991
2072	2253
2073	1330
2074	2428
2075	2279
2076	2026
2077	2548
2078	1644
2079	2315
2080	2338
2081	2500
2082	2169
2083	1753
2084	1614
2085	2977
2086	2052
2087	2385
2088	2759
2089	550
2090	2485
2091	840
2092	542
2093	2335
2094	2558
2095	2799
2096	2888
2097	2676
2098	2840
2099	2714
2100	33683
2101	8225
2102	7827
2103	8783
2104	365
2105	1904
2106	1444
2107	450
2108	8640
2109	4450
2110	6537
2111	96
2112	372
2113	1513
2114	3364
2115	2070
2116	3812
2117	3117
2118	4279
2119	4292
2120	3129
2121	2275
2122	215
2123	27839
2124	2356
2125	2937
2126	5985
2127	596
2128	22
2129	27741
2130	27255
2131	7023
2132	3555
2133	3634
2134	49
2135	3512
2136	3969
2137	4994
2138	5221
2139	2579
2140	3005
2141	1804
2142	1598
2143	1918
2144	1608
2145	4447
2146	81
2147	220
2148	1518
2149	3777
2150	3804
2151	6213
2152	6219
2153	4387
2154	4846
2155	23
2156	86
2157	1006
2158	1167
2159	491
2160	1099
2161	304
2162	2494
2163	27648
2164	4166
2165	2347
2166	4117
2167	4349
2168	2173
2169	2175
2170	556
2171	3077
2172	581
2173	1909
2174	1879
2175	2310
2176	3047
2177	1575
2178	2745
2179	649
2180	3419
2181	2690
2182	298
2183	3494
2184	1180
2185	2068
2186	3298
2187	2704
2188	213
2189	2077
2190	2405
2191	2089
2192	2429
2193	2059
2194	2142
2195	1713
2196	146
2197	1702
2198	48
2199	484
2200	2802
2201	627
2202	1431
2203	41566
2204	6936
2205	1586
2206	485
2207	1619
2208	3825
2209	6645
2210	4688
2211	674
2212	4225
2213	1493
2214	3927
2215	229
2216	5812
2217	5792
2218	2346
2219	2530
2220	2644
2221	3930
2222	2519
2223	2633
2224	3256
2225	3451
2226	4912
2227	3986
2228	2722
2229	3826
2230	2713
2231	3254
2232	2148
2233	3409
2234	54995
2235	8810
2236	53519
2237	4015
2238	6595
2239	4916
2240	3408
2241	3479
2242	2360
2243	5945
2244	5219
2245	2605
2246	3091
2247	718
2248	3053
2249	2393
2250	4367
2251	4370
2252	6796
2253	6297
2254	7771
2255	7256
2256	7099
2257	6932
2258	6721
2259	38038
2260	26662
2261	8253
2262	26776
2263	6986
2264	7086
2265	42632
2266	45499
2267	45950
2268	56171
2269	30803
2270	4251
2271	7123
2272	2851
2273	3920
2274	3302
2275	8012
2276	7925
2277	50068
2278	2702
2279	2852
2280	3544
2281	3115
2282	55
2283	4197
2284	3720
2285	1809
2286	31878
2287	5498
2288	4440
2289	30793
2290	37830
2291	58559
2292	99
2293	206
2294	363
2295	190
2296	53550
2297	6761
2298	8604
2299	5244
2300	6242
2301	8947
2302	55280
2303	4380
2304	4307
2305	57243
2306	55247
2307	481
2308	606
2309	4808
2310	3708
2311	423
2312	3557
2313	1995
2314	2121
2315	2389
2316	427
2317	4124
2318	2122
2319	2553
2320	2901
2321	4902
2322	2517
2323	2898
2324	4354
2325	422
2326	94
2327	1860
2328	2463
2329	1007
2330	2539
2331	1924
2332	3155
2333	7460
2334	26150
2335	156
2336	327
2337	46723
2338	4239
2339	6672
2340	3355
2341	40819
2342	47423
2343	3263
2344	51931
2345	8376
2346	51091
2347	4954
2348	53956
2349	8169
2350	54272
2351	44022
2352	8807
2353	33903
2354	53318
2355	52973
2356	54503
2357	51540
2358	48783
2359	57368
2360	55267
2361	55052
2362	60293
2363	523
2364	2425
2365	1184
2366	1870
2367	1827
2368	1542
2369	1726
2370	7143
2371	5681
2372	7306
2373	55908
2374	53123
2375	2521
2376	100
2377	8910
2378	2190
2379	5417
2380	2801
2381	2575
2382	2624
2383	3397
2384	3398
2385	3158
2386	6178
2387	6380
2388	6780
2389	8638
2390	8188
2391	5056
2392	5121
2393	3202
2394	30701
2395	2848
2396	37733
2397	6890
2398	2730
2399	8609
2400	6988
2401	4144
2402	55363
2403	55063
2404	6981
2405	2004
2406	12
2407	2320
2408	3354
2409	3156
2410	7481
2411	5489
2412	36708
2413	7349
2414	3439
2415	43708
2416	49278
2417	37731
2418	55765
2419	60126
2420	51935
2421	48304
2422	6059
2423	59016
2424	57528
2425	42725
2426	59336
2427	26865
2428	907
2429	2949
2430	929
2431	34072
2432	7373
2433	7027
2434	46976
2435	8464
2436	303
2437	234
2438	218
2439	2138
2440	2457
2441	5287
2442	26
2443	1845
2444	982
2445	5881
2446	27821
2447	1668
2448	8800
2449	1111
2450	1895
2451	2891
2452	1564
2453	522
2454	56757
2455	2314
2456	1477
2457	1621
2458	3515
2459	2567
2460	4701
2461	3208
2462	1422
2463	2861
2464	1611
2465	322
2466	2112
2467	1017
2468	2001
2469	2751
2470	935
2471	6247
2472	3183
2473	2159
2474	1069
2475	57
2476	6122
2477	53972
2478	1401
2479	1883
2480	3964
2481	6753
2482	6250
2483	55872
2484	59615
2485	60072
2486	60074
2487	58078
2488	53129
2489	36529
2490	54745
2491	49772
2492	59985
2493	56788
2494	54259
2495	39444
2496	2805
2497	2701
2498	1840
2499	2240
2500	3675
2501	1395
2502	1806
2503	1855
2504	2088
2505	2143
2506	1690
2507	1372
2508	1037
2509	170
2510	1591
2511	1373
2512	2842
2513	3249
2514	3189
2515	315
2516	205
2517	1456
2518	1585
2519	2551
2520	2583
2521	2609
2522	2404
2523	2411
2524	861
2525	2002
2526	3069
2527	621
2528	3689
2529	1100
2530	3082
2531	4465
2532	5004
2533	4357
2534	3461
2535	5016
2536	3857
2537	5442
2538	4506
2539	4318
2540	3598
2541	2376
2542	4981
2543	4095
2544	4681
2545	1135
2546	1475
2547	3635
2548	4692
2549	3638
2550	3639
2551	2057
2552	2774
2553	3988
2554	4541
2555	2348
2556	5033
2557	4228
2558	5829
2559	4523
2560	4242
2561	2776
2562	2488
2563	2847
2564	3038
2565	3736
2566	53
2567	5693
2568	1382
2569	191
2570	312
2571	3823
2572	2442
2573	1056
2574	4055
2575	5447
2576	33832
2577	41527
2578	39886
2579	55118
2580	3317
2581	6982
2582	53894
2583	44204
2584	609
2585	670
2586	702
2587	1161
2588	3770
2589	2497
2590	2399
2591	373
2592	48738
2593	55269
2594	828
2595	2373
2596	2725
2597	1026
2598	2882
2599	3002
2600	6168
2601	4167
2602	4876
2603	5391
2604	320
2605	2255
2606	4639
2607	2961
2608	5151
2609	3744
2610	4270
2611	4721
2612	4814
2613	3536
2614	5810
2615	4903
2616	5444
2617	743
2618	66
2619	1465
2620	1727
2621	351
2622	1624
2623	2025
2624	239
2625	217
2626	575
2627	709
2628	2930
2629	3259
2630	1498
2631	426
2632	2377
2633	358
2634	1814
2635	1920
2636	465
2637	1951
2638	3247
2639	2505
2640	1752
2641	518
2642	2378
2643	611
2644	408
2645	3300
2646	3113
2647	1833
2648	1805
2649	4880
2650	3896
2651	605
2652	1799
2653	1003
2654	6006
2655	2496
2656	1670
2657	1794
2658	3529
2659	6448
2660	6237
2661	2189
2662	2922
2663	4220
2664	7831
2665	278
2666	1040
2667	1076
2668	135
2669	1474
2670	2133
2671	2410
2672	2844
2673	2445
2674	45928
2675	421
2676	957
2677	4529
2678	2166
2679	490
2680	1654
2681	3695
2682	3694
2683	868
2684	97
2685	443
2686	804
2687	2094
2688	4020
2689	2432
2690	5955
2691	42418
2692	48997
2693	6948
2694	8958
2695	6214
2696	6862
2697	2672
2698	8977
2699	1342
2700	6284
2701	8593
2702	7318
2703	39446
2704	48877
2705	45081
2706	3746
2707	3789
2708	3786
2709	26425
2710	7649
2711	1535
2712	8974
2713	6893
2714	8644
2715	6294
2716	701
2717	47644
2718	5267
2719	3594
2720	3350
2721	3333
2722	3425
2723	2430
2724	3496
2725	2439
2726	3465
2727	3449
2728	3103
2729	6305
2730	26122
2731	6565
2732	1025
2733	2639
2734	321
2735	92
2736	798
2737	849
2738	1438
2739	937
2740	417
2741	1755
2742	1940
2743	3214
2744	2017
2745	2037
2746	2038
2747	2188
2748	302
2749	1821
2750	2168
2751	2266
2752	202
2753	5385
2754	4824
2755	268
2756	4436
2757	3873
2758	4043
2759	4484
2760	5118
2761	6162
2762	4998
2763	635
2764	6987
2765	34542
2766	521
2767	4448
2768	4941
2769	2237
2770	4803
2771	4795
2772	4710
2773	3516
2774	4535
2775	4045
2776	383
2777	4411
2778	3404
2779	4498
2780	227
2781	89
2782	35
2783	347
2784	331
2785	3936
2786	7122
2787	5940
2788	880
2789	850
2790	6857
2791	7104
2792	52281
2793	1008
2794	4299
2795	5975
2796	7840
2797	8404
2798	149
2799	5225
2800	15
2801	1149
2802	2524
2803	3271
2804	3698
2805	2322
2806	1689
2807	2252
2808	2419
2809	1361
2810	2433
2811	1620
2812	1020
2813	33834
2814	6731
2815	2472
2816	2262
2817	1616
2818	1488
2819	6482
2820	2538
2821	467
2822	1468
2823	1470
2824	1398
2825	4890
2826	2013
2827	4443
2828	1603
2829	4705
2830	4844
2831	5667
2832	3489
2833	4294
2834	5040
2835	3697
2836	6266
2837	2420
2838	4563
2839	3784
2840	6568
2841	985
2842	3537
2843	7386
2844	2622
2845	4142
2846	3387
2847	4053
2848	2016
2849	2055
2850	3118
2851	3045
2852	3094
2853	667
2854	137
2855	1471
2856	1473
2857	703
2858	3219
2859	5840
2860	7034
2861	8589
2862	2843
2863	7206
2864	103
2865	2050
2866	2699
2867	4815
2868	1487
2869	7395
2870	7154
2871	715
2872	1829
2873	5944
2874	6261
2875	5400
2876	4870
2877	5011
2878	1457
2879	6722
2880	1397
2881	650
2882	1888
2883	1642
2884	1480
2885	5425
2886	2590
2887	3262
2888	72
2889	869
2890	1011
2891	3599
2892	53000
2893	2506
2894	7789
2895	45431
2896	445
2897	901
2898	3406
2899	6281
2900	879
2901	1117
2902	1428
2903	1384
2904	1417
2905	1779
2906	6195
2907	2734
2908	1546
2909	1472
2910	1439
2911	255
2912	354
2913	511
2914	528
2915	424
2916	2374
2917	2416
2918	1030
2919	1051
2920	2337
2921	2046
2922	8972
2923	7178
2924	7355
2925	5597
2926	189
2927	6708
2928	6373
2929	6170
2930	4519
2931	32031
2932	27899
2933	5882
2934	2048
2935	5528
2936	1024
2937	5159
2938	4508
2939	32153
2940	4121
2941	33880
2942	2172
2943	4748
2944	6679
2945	7346
2946	27
2947	516
2948	700
2949	8
2950	415
2951	688
2952	691
2953	374
2954	172
2955	505
2956	656
2957	201
2958	546
2959	747
2960	486
2961	877
2962	1440
2963	53125
2964	3576
2965	148
2966	731
2967	3138
2968	6003
2969	2361
2970	2084
2971	4476
2972	833
2973	5204
2974	7088
2975	7926
2976	7216
2977	7766
2978	7924
2979	7912
2980	3626
2981	7564
2982	6774
2983	31804
2984	5640
2985	7235
2986	3223
2987	228
2988	891
2989	6533
2990	5820
2991	7579
2992	3200
2993	3036
2994	46559
2995	3581
2996	52042
2997	5137
2998	3412
2999	3609
3000	211
3001	38886
3002	33171
3003	48082
3004	6159
3005	7767
3006	31420
3007	3083
3008	52604
3009	52375
3010	6454
3011	2177
3012	8207
3013	51080
3014	8879
3015	7613
3016	27005
3017	638
3018	2287
3019	3194
3020	309
3021	2669
3022	2665
3023	160
3024	2661
3025	1856
3026	2670
3027	3303
3028	2727
3029	3204
3030	1785
3031	2877
3032	3790
3033	2280
3034	5508
3035	30812
3036	26965
3037	7757
3038	2093
3039	1327
3040	1388
3041	429
3042	3446
3043	537
3044	6156
3045	5872
3046	2491
3047	2744
3048	1163
3049	4191
3050	4178
3051	4310
3052	2269
3053	33679
3054	44788
3055	449
3056	2379
3057	5308
3058	4040
3059	2709
3060	7570
3061	7001
3062	7107
3063	4603
3064	7573
3065	5241
3066	7156
3067	7265
3068	55442
3069	56782
3070	6123
3071	4146
3072	7843
3073	55276
3074	42734
3075	2354
3076	2495
3077	4321
3078	3211
3079	3549
3080	352
3081	2041
3082	2560
3083	6598
3084	5684
3085	5643
3086	27728
3087	41571
3088	7167
3089	36527
3090	6770
3091	8485
3092	41863
3093	3534
3094	3316
3095	3273
3096	719
3097	51660
3098	27611
3099	6357
3100	6345
3101	6346
3102	5769
3103	4578
3104	4672
3105	4540
3106	2469
3107	4601
3108	6760
3109	1699
3110	47793
3111	379
3112	998
3113	5066
3114	2555
3115	54001
3116	52975
3117	40732
3118	1836
3119	645
3120	1596
3121	1875
3122	2943
3123	1896
3124	2155
3125	7419
3126	6541
3127	7811
3128	7810
3129	2784
3130	2995
3131	1983
3132	1389
3133	2719
3134	39231
3135	2328
3136	2386
3137	2757
3138	3289
3139	3428
3140	3851
3141	1931
3142	1897
3143	3327
3144	7365
3145	2582
3146	4757
3147	4638
3148	55830
3149	3747
3150	2769
3151	4334
3152	4031
3153	4391
3154	56274
3155	55094
3156	7984
3157	42738
3158	7035
3159	8773
3160	5383
3161	3763
3162	5313
3163	5646
3164	2475
3165	3761
3166	3764
3167	4086
3168	3444
3169	283
3170	4126
3171	4082
3172	4089
3173	479
3174	20
3175	3841
3176	3865
3177	5139
3178	4207
3179	4477
3180	2409
3181	4009
3182	4597
3183	5239
3184	5180
3185	2259
3186	45028
3187	1353
3188	1363
3189	634
3190	1410
3191	1556
3192	8361
3193	39427
3194	388
3195	3145
3196	1919
3197	52245
3198	2370
3199	461
3200	1666
3201	776
3202	4189
3203	5298
3204	60
3205	4351
3206	4564
3207	862
3208	55284
3209	49651
3210	2412
3211	36519
3212	2953
3213	56176
3214	6952
3215	5025
3216	6902
3217	47200
3218	58627
3219	824
3220	4500
3221	3329
3222	2481
3223	2444
3224	4056
3225	418
3226	311
3227	6127
3228	4008
3229	3347
3230	4668
3231	4035
3232	4236
3233	6002
3234	6668
3235	30825
3236	3722
3237	37729
3238	27706
3239	5780
3240	4624
3241	39869
3242	39416
3243	8366
3244	54281
3245	1130
3246	2261
3247	8848
3248	7089
3249	8656
3250	6151
3251	5878
3252	32649
3253	33564
3254	956
3255	4911
3256	829
3257	7018
3258	7763
3259	2126
3260	5027
3261	2162
3262	5146
3263	5073
3264	3925
3265	860
3266	3615
3267	4183
3268	3221
3269	1420
3270	1824
3271	3999
3272	5247
3273	2815
3274	3926
3275	3672
3276	4812
3277	2899
3278	4945
3279	1562
3280	4835
3281	5099
3282	4296
3283	5353
3284	2448
3285	4039
3286	5012
3287	4562
3288	4909
3289	4544
3290	3963
3291	7158
3292	25774
3293	1925
3294	34437
3295	7562
3296	760
3297	7981
3298	26555
3299	56339
3300	3339
3301	27869
3302	44849
3303	4285
3304	2894
3305	896
3306	4784
3307	5238
3308	4871
3309	2611
3310	4017
3311	5506
3312	5172
3313	43376
3314	52952
3315	6867
3316	6670
3317	7572
3318	43560
3319	3816
3320	3795
3321	1113
3322	84
3323	3712
3324	5034
3325	4809
3326	5923
3327	1937
3328	378
3329	26084
3330	46965
3331	390
3332	3760
3333	7042
3334	4577
3335	113
3336	2499
3337	3457
3338	4248
3339	5074
3340	4965
3341	4373
3342	4444
3343	46530
3344	3787
3345	3016
3346	48412
3347	36537
3348	1554
3349	4297
3350	4586
3351	3423
3352	301
3353	3188
3354	5525
3355	5685
3356	6216
3357	7155
3358	8951
3359	47805
3360	58490
3361	8645
3362	2316
3363	2367
3364	808
3365	692
3366	27831
3367	3441
3368	3197
3369	2260
3370	5981
3371	2563
3372	3604
3373	3605
3374	4396
3375	5105
3376	263
3377	2073
3378	27912
3379	8582
3380	1529
3381	4646
3382	4640
3383	5237
3384	6892
3385	1812
3386	2051
3387	4728
3388	612
3389	725
3390	3678
3391	3342
3392	4936
3393	3632
3394	7758
3395	7485
3396	7288
3397	7135
3398	7068
3399	7066
3400	7055
3401	6896
3402	6837
3403	6733
3404	6671
3405	6509
3406	6499
3407	6433
3408	6409
3409	6031
3410	5599
3411	2822
3412	2867
3413	8928
3414	4533
3415	4000
3416	5359
3417	27721
3418	8981
3419	169
3420	3179
3421	3998
3422	3142
3423	4452
3424	2283
3425	5240
3426	568
3427	2942
3428	3430
3429	1780
3430	2613
3431	4644
3432	8270
3433	6268
3434	6335
3435	5379
3436	27834
3437	40583
3438	8827
3439	2332
3440	2199
3441	42
3442	1601
3443	7094
3444	2331
3445	2587
3446	4474
3447	387
3448	2975
3449	4227
3450	4
3451	632
3452	55555
3453	5632
3454	55444
3455	26246
3456	44937
3457	53447
3458	27727
3459	4793
3460	3731
3461	3242
3462	4029
3463	419
3464	1162
3465	2820
3466	3595
3467	3957
3468	3955
3469	3921
3470	3922
3471	1911
3472	2306
3473	2276
3474	2866
3475	3133
3476	5265
3477	7160
3478	75
3479	881
3480	2607
3481	751
3482	939
3483	5279
3484	5485
3485	5633
3486	5421
3487	5021
3488	5575
3489	6072
3490	6820
3491	5791
3492	7309
3493	3739
3494	7061
3495	7020
3496	7489
3497	8264
3498	31694
3499	6552
3500	25856
3501	25868
3502	59387
3503	2079
3504	1941
3505	7458
3506	49130
3507	56156
3508	2621
3509	2123
3510	1612
3511	294
3512	438
3513	1703
3514	3092
3515	48696
3516	34164
3517	51694
3518	36276
3519	5266
3520	4826
3521	2862
3522	789
3523	67
3524	813
3525	859
3526	782
3527	619
3528	822
3529	823
3530	843
3531	846
3532	847
3533	870
3534	844
3535	853
3536	865
3537	763
3538	867
3539	845
3540	856
3541	875
3542	855
3543	878
3544	983
3545	873
3546	874
3547	664
3548	827
3549	980
3550	1039
3551	889
3552	857
3553	882
3554	884
3555	1000
3556	6944
3557	4052
3558	4501
3559	4971
3560	5479
3561	2950
3562	5325
3563	45186
3564	340
3565	3132
3566	43936
3567	37386
3568	8860
3569	49910
3570	48161
3571	8369
3572	6950
3573	54736
3574	31867
3575	34323
3576	8846
3577	49793
3578	34532
3579	51933
3580	5803
3581	54004
3582	34048
3583	7321
3584	6709
3585	4770
3586	49265
3587	56587
3588	53468
3589	7325
3590	27837
3591	6280
3592	53921
3593	27873
3594	1593
3595	4067
3596	4700
3597	4062
3598	452
3599	5607
3600	26840
3601	742
3602	726
3603	6370
3604	6311
3605	4704
3606	548
3607	181
3608	4003
3609	6259
3610	6238
3611	3892
3612	4080
3613	4932
3614	2800
3615	2546
3616	3157
3617	1839
3618	155
3619	5095
3620	33677
3621	27904
3622	60763
3623	3003
3624	4237
3625	6368
3626	60295
3627	60766
3628	32657
3629	26231
3630	58306
3631	7587
3632	54190
3633	50514
3634	47725
3635	8529
3636	2305
3637	5452
3638	5039
3639	2630
3640	1484
3641	3968
3642	1647
3643	25850
3644	32160
3645	8711
3646	3966
3647	1483
3648	1627
3649	4388
3650	4553
3651	4545
3652	313
3653	6125
3654	50064
3655	8838
3656	3167
3657	460
3658	4278
3659	4956
3660	5087
3661	5398
3662	5644
3663	3987
3664	4061
3665	30816
3666	2135
3667	2198
3668	2234
3669	2296
3670	887
3671	2293
3672	618
3673	807
3674	617
3675	124
3676	633
3677	660
3678	1002
3679	1445
3680	1454
3681	2893
3682	330
3683	1665
3684	7569
3685	6378
3686	7317
3687	3830
3688	4889
3689	2681
3690	6239
3691	52328
3692	39052
3693	8677
3694	4092
3695	270
3696	360
3697	533
3698	810
3699	56174
3700	526
3701	2272
3702	984
3703	2014
3704	6327
3705	4217
3706	2570
3707	1346
3708	3304
3709	335
3710	2771
3711	4136
3712	2342
3713	40629
3714	6287
3715	7347
3716	8534
3717	43917
3718	8908
3719	385
3720	407
3721	166
3722	513
3723	1609
3724	1613
3725	1651
3726	1652
3727	1662
3728	1677
3729	1661
3730	1667
3731	1671
3732	1744
3733	1437
3734	1893
3735	764
3736	5873
3737	6776
3738	2382
3739	2383
3740	58025
3741	3054
3742	2928
3743	2063
3744	2209
3745	106
3746	2435
3747	7263
3748	1858
3749	3614
3750	2128
3751	2766
3752	5269
3753	6673
3754	6101
3755	6772
3756	6442
3757	1901
3758	1114
3759	1555
3760	6306
3761	6586
3762	27792
3763	5358
3764	4410
3765	4543
3766	1759
3767	5890
3768	7841
3769	7842
3770	2775
3771	2825
3772	2839
3773	1509
3774	1681
3775	2107
3776	2513
3777	1975
3778	7259
3779	3338
3780	4211
3781	3438
3782	3257
3783	3565
3784	3618
3785	834
3786	872
3787	240
3788	7991
3789	3593
3790	577
3791	498
3792	2101
3793	366
3794	1866
3795	4602
3796	2907
3797	3182
3798	3989
3799	4711
3800	5054
3801	5497
3802	6244
3803	5968
3804	6873
3805	6367
3806	6852
3807	841
3808	6215
3809	7136
3810	7620
3811	5059
3812	2082
3813	3713
3814	38
3815	4337
3816	6441
3817	5611
3818	5582
3819	1331
3820	4758
3821	5450
3822	5505
3823	5296
3824	8984
3825	4339
3826	5107
3827	4291
3828	4195
3829	83
3830	5772
3831	44709
3832	35957
3833	4616
3834	3269
3835	54881
3836	50842
3837	7162
3838	2610
3839	3901
3840	4265
3841	5072
3842	5187
3843	5665
3844	6212
3845	7164
3846	5483
3847	39419
3848	33826
3849	45517
3850	787
3851	8865
3852	5222
3853	6163
3854	5524
3855	4272
3856	6879
3857	6984
3858	7444
3859	7324
3860	5994
3861	5380
3862	6516
3863	3981
3864	717
3865	1460
3866	1533
3867	4218
3868	50658
3869	50851
3870	63131
3871	6765
3872	3478
3873	7437
3874	7451
3875	3872
3876	4842
3877	31184
3878	3251
3879	472
3880	1973
3881	1970
3882	1969
3883	1016
3884	2967
3885	2554
3886	2091
3887	1009
3888	2889
3889	2996
3890	4487
3891	45880
3892	49286
3893	1507
3894	5721
3895	5337
3896	4219
3897	6696
3898	31114
3899	8948
3900	2512
3901	3486
3902	4194
3903	5572
3904	4774
3905	33639
3906	7802
3907	42004
3908	4389
3909	1310
3910	3680
3911	3330
3912	7484
3913	25764
3914	7834
3915	8542
3916	8516
3917	5602
3918	8767
3919	25777
3920	5470
3921	6468
3922	4884
3923	941
3924	2659
3925	775
3926	7748
3927	4786
3928	3442
3929	78
3930	187
3931	1793
3932	184
3933	3858
3934	44974
3935	3276
3936	136
3937	4558
3938	33615
3939	2392
3940	4488
3941	4725
3942	1404
3943	4350
3944	3616
3945	6954
3946	5784
3947	2864
3948	4132
3949	4091
3950	5830
3951	1592
3952	3284
3953	3928
3954	1571
3955	8973
3956	6571
3957	439
3958	1899
3959	26116
3960	5604
3961	8491
3962	1936
3963	6299
3964	6193
3965	305
3966	3285
3967	4495
3968	4478
3969	2616
3970	8045
3971	5062
3972	6856
3973	7079
3974	2443
3975	993
3976	893
3977	1728
3978	2972
3979	2986
3980	2147
3981	512
3982	2453
3983	48593
3984	4333
3985	58295
3986	5513
3987	959
3988	3649
3989	52694
3990	52283
3991	60040
3992	7000
3993	1865
3994	3539
3995	1910
3996	48982
3997	3240
3998	4537
3999	4780
4000	3243
4001	2606
4002	274
4003	2697
4004	544
4005	26242
4006	26285
4007	32078
4008	32076
4009	26203
4010	8932
4011	8903
4012	8896
4013	8019
4014	31702
4015	1516
4016	3281
4017	3979
4018	876
4019	4441
4020	4438
4021	8039
4022	835
4023	50601
4024	33838
4025	58309
4026	2682
4027	574
4028	705
4029	36535
4030	62394
4031	30894
4032	716
4033	1043
4034	1075
4035	706
4036	1311
4037	4515
4038	3794
4039	4608
4040	3308
4041	59126
4042	52722
4043	34150
4044	6534
4045	7439
4046	6286
4047	48591
4048	51927
4049	6909
4050	50162
4051	48518
4052	6376
4053	5504
4054	53121
4055	55995
4056	6707
4057	48678
4058	55282
4059	54785
4060	6290
4061	5430
4062	8985
4063	8128
4064	8221
4065	51939
4066	58105
4067	46948
4068	40851
4069	7369
4070	6958
4071	4179
4072	3008
4073	1038
4074	7844
4075	8805
4076	685
4077	4343
4078	2755
4079	5373
4080	5368
4081	8690
4082	4098
4083	5282
4084	3566
4085	659
4086	2939
4087	3055
4088	1733
4089	1926
4090	8880
4091	33646
4092	3466
4093	117
4094	132
4095	120
4096	2417
4097	489
4098	1423
4099	3274
4100	5332
4101	4821
4102	4951
4103	2827
4104	3051
4105	3238
4106	3325
4107	4699
4108	2806
4109	4709
4110	1068
4111	4804
4112	4830
4113	3445
4114	3658
4115	38304
4116	3628
4117	976
4118	5065
4119	3726
4120	6121
4121	5312
4122	3950
4123	5843
4124	2437
4125	6027
4126	825
4127	3323
4128	1482
4129	2885
4130	2577
4131	346
4132	1783
4133	987
4134	4118
4135	4090
4136	4338
4137	4119
4138	3230
4139	4605
4140	2074
4141	6457
4142	5732
4143	5801
4144	6200
4145	4811
4146	6636
4147	6638
4148	8623
4149	6134
4150	7708
4151	26476
4152	7716
4153	658
4154	7720
4155	4273
4156	630
4157	759
4158	6341
4159	44694
4160	3235
4161	1791
4162	6375
4163	3206
4164	3613
4165	1169
4166	4281
4167	4282
4168	4283
4169	2285
4170	5339
4171	5603
4172	5680
4173	6582
4174	7062
4175	6786
4176	6436
4177	5605
4178	5638
4179	5544
4180	8451
4181	8337
4182	7714
4183	5341
4184	3813
4185	7304
4186	7095
4187	33154
4188	26199
4189	504
4190	3161
4191	56251
4192	46572
4193	60832
4194	62849
4195	62113
4196	61323
4197	7892
4198	7784
4199	7121
4200	2421
4201	831
4202	3012
4203	46850
4204	964
4205	1943
4206	2874
4207	4231
4208	2197
4209	2250
4210	3382
4211	1773
4212	5003
4213	5002
4214	5333
4215	26495
4216	26567
4217	5022
4218	58297
4219	3250
4220	3049
4221	4316
4222	1128
4223	6054
4224	2033
4225	7982
4226	6201
4227	51471
4228	4184
4229	48262
4230	5949
4231	988
4232	2284
4233	4230
4234	8651
4235	4813
4236	4175
4237	5959
4238	8753
4239	3903
4240	397
4241	6660
4242	4208
4243	3592
4244	1902
4245	580
4246	1750
4247	2808
4248	6755
4249	2999
4250	7247
4251	4188
4252	4849
4253	4892
4254	6779
4255	6639
4256	4174
4257	7125
4258	8147
4259	7619
4260	7618
4261	7614
4262	7493
4263	7303
4264	7009
4265	31030
4266	6422
4267	6450
4268	5453
4269	4046
4270	31251
4271	4655
4272	8982
4273	30820
4274	30848
4275	43396
4276	7440
4277	49822
4278	3043
4279	4209
4280	33725
4281	5477
4282	7773
4283	6732
4284	2408
4285	2119
4286	3099
4287	3506
4288	961
4289	958
4290	2562
4291	816
4292	790
4293	791
4294	1044
4295	1312
4296	582
4297	821
4298	871
4299	1144
4300	1318
4301	989
4302	997
4303	1058
4304	1112
4305	1133
4306	895
4307	1063
4308	1071
4309	1098
4310	1151
4311	1119
4312	129
4313	1055
4314	1165
4315	1313
4316	1355
4317	1134
4318	1137
4319	1146
4320	1168
4321	1360
4322	402
4323	1052
4324	1062
4325	1116
4326	1309
4327	1315
4328	1317
4329	1045
4330	1102
4331	1115
4332	1118
4333	1145
4334	1314
4335	1319
4336	1351
4337	1364
4338	1140
4339	1142
4340	1143
4341	1166
4342	1308
4343	1316
4344	1352
4345	1368
4346	1383
4347	138
4348	2748
4349	6067
4350	5636
4351	6062
4352	27674
4353	8733
4354	3010
4355	2632
4356	5104
4357	5783
4358	1329
4359	77
4360	5465
4361	71
4362	2036
4363	4154
4364	746
4365	3258
4366	93
4367	4908
4368	33750
4369	44657
4370	4579
4371	4205
4372	4664
4373	1857
4374	8966
4375	2962
4376	5409
4377	3725
4378	4193
4379	1087
4380	4589
4381	4588
4382	5361
4383	3057
4384	2525
4385	4247
4386	3943
4387	2029
4388	2045
4389	4587
4390	5357
4391	4168
4392	4765
4393	3855
4394	3953
4395	2837
4396	1844
4397	7396
4398	5560
4399	2923
4400	1501
4401	2388
4402	182
4403	1811
4404	4345
4405	3282
4406	4738
4407	4212
4408	4766
4409	1427
4410	5459
4411	3110
4412	1547
4413	2522
4414	287
4415	4224
4416	4268
4417	5284
4418	5324
4419	5943
4420	5256
4421	5787
4422	1579
4423	1582
4424	1583
4425	713
4426	795
4427	3143
4428	3580
4429	3199
4430	2201
4431	3656
4432	3657
4433	6041
4434	4384
4435	8943
4436	5570
4437	55069
4438	56885
4439	55946
4440	7080
4441	8261
4442	25750
4443	3621
4444	27664
4445	25954
4446	8258
4447	178
4448	6425
4449	2836
4450	2042
4451	3180
4452	3146
4453	1005
4454	8663
4455	6664
4456	4888
4457	888
4458	558
4459	37739
4460	7918
4461	37240
4462	3015
4463	2492
4464	5401
4465	5765
4466	8732
4467	2520
4468	4992
4469	5957
4470	8866
4471	30822
4472	33669
4473	391
4474	2476
4475	722
4476	757
4477	3693
4478	152
4479	3782
4480	3781
4481	3627
4482	4026
4483	5666
4484	32029
4485	5970
4486	26696
4487	6764
4488	2813
4489	3192
4490	5847
4491	7979
4492	7983
4493	7084
4494	5619
4495	6777
4496	6301
4497	26729
4498	26163
4499	41585
4500	25930
4501	25943
4502	3492
4503	2689
4504	5752
4505	1787
4506	6472
4507	6584
4508	1707
4509	3547
4510	45730
4511	53460
4512	1577
4513	4798
4514	4428
4515	4661
4516	4769
4517	26111
4518	7007
4519	7826
4520	139
4521	392
4522	744
4523	5678
4524	48032
4525	3622
4526	5184
4527	4743
4528	41573
4529	31433
4530	53322
4531	1906
4532	3985
4533	27879
4534	343
4535	4372
4536	3484
4537	3453
4538	4745
4539	8968
4540	7169
4541	32298
4542	7375
4543	8799
4544	7173
4545	5969
4546	6593
4547	1798
4548	32598
4549	51084
4550	40414
4551	2456
4552	3440
4553	6869
4554	4976
4555	626
4556	697
4557	2263
4558	1991
4559	2397
4560	31528
4561	26413
4562	46970
4563	7118
4564	27905
4565	7915
4566	51709
4567	8493
4568	652
4569	4614
4570	43923
4571	7713
4572	4433
4573	4419
4574	3128
4575	960
4576	126
4577	39234
4578	3951
4579	4160
4580	4342
4581	571
4582	8998
4583	639
4584	3144
4585	5428
4586	51925
4587	4632
4588	6810
4589	1767
4590	7406
4591	4371
4592	3177
4593	7980
4594	6849
4595	7060
4596	7341
4597	1887
4598	2339
4599	59725
4600	8254
4601	4511
4602	2049
4603	4727
4604	6599
4605	4426
4606	7115
4607	8684
4608	32892
4609	26694
4610	31522
4611	5936
4612	26359
4613	7947
4614	5316
4615	8016
4616	42900
4617	26172
4618	26313
4619	6748
4620	6530
4621	8751
4622	7486
4623	33896
4624	45720
4625	57147
4626	54276
4627	45074
4628	4802
4629	6124
4630	7702
4631	6230
4632	7059
4633	2327
4634	25833
4635	51086
4636	2720
4637	1064
4638	1550
4639	7377
4640	8532
4641	8667
4642	4778
4643	6676
4644	6963
4645	33672
4646	5625
4647	37382
4648	6222
4649	31807
4650	5461
4651	5329
4652	6868
4653	7039
4654	5875
4655	26178
4656	9010
4657	27604
4658	2963
4659	536
4660	2446
4661	6075
4662	545
4663	463
4664	459
4665	4155
4666	8371
4667	47640
4668	40581
4669	37384
4670	5629
4671	7705
4672	7833
4673	2781
4674	5375
4675	4169
4676	6519
4677	32019
4678	5839
4679	3171
4680	4763
4681	7976
4682	43333
4683	8365
4684	5224
4685	2597
4686	3997
4687	4368
4688	4254
4689	5171
4690	4216
4691	6769
4692	2086
4693	4829
4694	4024
4695	4670
4696	2900
4697	3938
4698	3833
4699	1816
4700	4628
4701	5745
4702	49280
4703	269
4704	679
4705	6503
4706	4301
4707	2568
4708	4143
4709	3973
4710	3597
4711	4788
4712	1622
4713	3141
4714	1381
4715	451
4716	2062
4717	3799
4718	5351
4719	797
4720	854
4721	6269
4722	5600
4723	40278
4724	5250
4725	8814
4726	4662
4727	1846
4728	26294
4729	8117
4730	26422
4731	8695
4732	4555
4733	6983
4734	6231
4735	4290
4736	1657
4737	1692
4738	5960
4739	8008
4740	5799
4741	8167
4742	8158
4743	7075
4744	7190
4745	5199
4746	6405
4747	963
4748	4557
4749	3086
4750	4429
4751	6840
4752	5214
4753	5927
4754	5389
4755	5420
4756	5143
4757	4133
4758	5480
4759	7283
4760	4789
4761	5699
4762	2364
4763	7845
4764	6186
4765	7770
4766	6658
4767	4403
4768	8401
4769	7723
4770	5983
4771	4706
4772	1421
4773	6859
4774	6826
4775	6169
4776	7675
4777	458
4778	332
4779	6991
4780	6946
4781	4982
4782	7225
4783	5922
4784	32139
4785	30996
4786	30949
4787	8923
4788	8890
4789	8852
4790	8716
4791	8650
4792	8580
4793	8543
4794	8503
4795	7743
4796	7480
4797	6617
4798	1894
4799	5196
4800	1153
4801	1922
4802	2440
4803	1871
4804	42053
4805	3050
4806	4108
4807	4486
4808	3822
4809	5000
4810	6140
4811	4805
4812	5051
4813	56563
4814	389
4815	3652
4816	2307
4817	7140
4818	34338
4819	31437
4820	43899
4821	57274
4822	63062
4823	1574
4824	2886
4825	1581
4826	2170
4827	8094
4828	8044
4829	8797
4830	30892
4831	3569
4832	990
4833	2365
4834	2544
4835	7698
4836	4736
4837	1447
4838	2574
4839	1882
4840	33
4841	37
4842	779
4843	3754
4844	2152
4845	3653
4846	5621
4847	5493
4848	6263
4849	51412
4850	56775
4851	2777
4852	3514
4853	1406
4854	3218
4855	2304
4856	4271
4857	1502
4858	4252
4859	4325
4860	4439
4861	2964
4862	4731
4863	4658
4864	729
4865	4423
4866	4847
4867	4702
4868	4872
4869	4806
4870	5009
4871	5028
4872	5112
4873	5258
4874	5297
4875	3824
4876	2824
4877	5856
4878	27731
4879	7299
4880	7352
4881	4141
4882	2426
4883	5451
4884	771
4885	483
4886	4767
4887	3587
4888	2789
4889	4468
4890	27790
4891	3426
4892	1511
4893	4259
4894	6374
4895	4111
4896	5516
4897	2586
4898	3670
4899	8134
4900	7382
4901	6332
4902	8456
4903	54732
4904	754
4905	4185
4906	1686
4907	6358
4908	8131
4909	60397
4910	5937
4911	2156
4912	3528
4913	174
4914	502
4915	4072
4916	5888
4917	4470
4918	8633
4919	58303
4920	7037
4921	1415
4922	1669
4923	1514
4924	4822
4925	1174
4926	1503
4927	7932
4928	26187
4929	27523
4930	2782
4931	2913
4932	38388
4933	40148
4934	42730
4935	31225
4936	26280
4937	3944
4938	4234
4939	3898
4940	6424
4941	42018
4942	56805
4943	61132
4944	26133
4945	60487
4946	58315
4947	31162
4948	60756
4949	3385
4950	4617
4951	5075
4952	5416
4953	5328
4954	4312
4955	134
4956	51884
4957	6056
4958	6233
4959	8013
4960	58418
4961	259
4962	6561
4963	7058
4964	8183
4965	6970
4966	6974
4967	4966
4968	4654
4969	6616
4970	6602
4971	5947
4972	51575
4973	55732
4974	50923
4975	13
4976	179
4977	5818
4978	1432
4979	2267
4980	2809
4981	7637
4982	6538
4983	4883
4984	3749
4985	26052
4986	27408
4987	5672
4988	6371
4989	4241
4990	393
4991	2095
4992	4827
4993	2780
4994	3659
4995	2656
4996	4392
4997	5914
4998	9018
4999	4915
5000	2615
5001	4691
5002	2634
5003	1756
5004	3840
5005	3017
5006	4532
5007	1996
5008	3063
5009	4712
5010	6481
5011	5615
5012	5682
5013	5788
5014	5635
5015	5809
5016	5686
5017	6008
5018	5674
5019	5369
5020	238
5021	433
5022	4864
5023	6888
5024	90
5025	118
5026	554
5027	6785
5028	384
5029	5472
5030	3388
5031	4275
5032	2979
5033	2974
5034	38600
5035	27410
5036	966
5037	2292
5038	1854
5039	1605
5040	3048
5041	4030
5042	5833
5043	885
5044	4756
5045	6811
5046	4775
5047	3958
5048	7024
5049	8906
5050	7650
5051	8535
5052	8675
5053	8341
5054	4599
5055	25923
5056	4330
5057	2008
5058	2507
5059	3660
5060	1971
5061	1977
5062	2460
5063	3661
5064	3662
5065	4347
5066	547
5067	4414
5068	31193
5069	7835
5070	7832
5071	6924
5072	6925
5073	8486
5074	8762
5075	6923
5076	3150
5077	7920
5078	58351
5079	8063
5080	7781
5081	2482
5082	8334
5083	26750
5084	6394
5085	3487
5086	26101
5087	8655
5088	4042
5089	2418
5090	1880
5091	6063
5092	26152
5093	50066
5094	55805
5095	3414
5096	4522
5097	3600
5098	54999
5099	1323
5100	3919
5101	567
5102	1623
5103	8731
5104	6143
5105	5651
5106	2741
5107	1463
5108	3705
5109	6308
5110	4677
5111	4715
5112	2536
5113	1426
5114	3345
5115	5102
5116	6629
5117	43419
5118	2032
5119	2381
5120	1762
5121	3026
5122	3718
5123	772
5124	2362
5125	2466
5126	3637
5127	1138
5128	2984
5129	3241
5130	3109
5131	2154
5132	6040
5133	5395
5134	1412
5135	3817
5136	2705
5137	3318
5138	3895
5139	3372
5140	4300
5141	5601
5142	6322
5143	8531
5144	45672
5145	42723
5146	6300
5147	2626
5148	2545
5149	794
5150	2873
5151	4140
5152	3127
5153	325
5154	8607
5155	40614
5156	54787
5157	53993
5158	3596
5159	970
5160	3908
5161	4317
5162	4719
5163	5036
5164	5381
5165	4925
5166	6021
5167	4572
5168	6077
5169	8775
5170	8222
5171	7047
5172	7040
5173	4615
5174	6272
5175	5965
5176	5670
5177	27838
5178	27826
5179	5941
5180	5627
5181	5723
5182	64614
5183	4574
5184	6832
5185	7150
5186	8501
5187	26770
5188	3447
5189	7891
5190	2526
5191	2092
5192	3248
5193	8643
5194	6637
5195	32582
5196	6692
5197	6858
5198	4818
5199	4526
5200	27689
5201	26554
5202	33126
5203	8120
5204	5272
5205	1898
5206	87
5207	26171
5208	33312
5209	2098
5210	1696
5211	573
5212	7399
5213	36513
5214	56152
5215	49274
5216	2027
5217	3287
5218	3990
5219	3820
5220	3995
5221	3914
5222	4900
5223	2345
5224	26085
5225	1450
5226	6545
5227	4694
5228	4977
5229	6517
5230	6356
5231	6260
5232	5354
5233	1928
5234	1413
5235	5475
5236	5426
5237	5659
5238	755
5239	5916
5240	4245
5241	5097
5242	2471
5243	4328
5244	1349
5245	8504
5246	7285
5247	46347
5248	6020
5249	4431
5250	5825
5251	5289
5252	4459
5253	3877
5254	8872
5255	47999
5256	2834
5257	2358
5258	98
5259	2007
5260	2040
5261	559
5262	4109
5263	8765
5264	25826
5265	25827
5266	6032
5267	2620
5268	1984
5269	1985
5270	1986
5271	6612
5272	769
5273	404
5274	4165
5275	7201
5276	36525
5277	6889
5278	5900
5279	5722
5280	32017
5281	45208
5282	3309
5283	6108
5284	5348
5285	3126
5286	5767
5287	42634
5288	4267
5289	7728
5290	4305
5291	3864
5292	5714
5293	1631
5294	4360
5295	8676
5296	6160
5297	27822
5298	30898
5299	5462
5300	5414
5301	2221
5302	2823
5303	2223
5304	3140
5305	4233
5306	5419
5307	31116
5308	254
5309	1933
5310	6051
5311	7939
5312	7937
5313	25898
5314	7385
5315	30747
5316	42217
5317	8602
5318	26094
5319	4162
5320	50160
5321	3769
5322	7193
5323	5155
5324	5460
5325	56169
5326	4123
5327	243
5328	310
5329	1523
5330	7048
5331	27797
5332	2498
5333	7701
5334	6013
5335	7372
5336	6703
5337	258
5338	7380
5339	5804
5340	4957
5341	4229
5342	43836
5343	50798
5344	47518
5345	44193
5346	4524
5347	1538
5348	25795
5349	5076
5350	4722
5351	7054
5352	55402
5353	732
5354	2561
5355	241
5356	2829
5357	8520
5358	5392
5359	5437
5360	5399
5361	4536
5362	1067
5363	5215
5364	4131
5365	4420
5366	6412
5367	6466
5368	565
5369	4518
5370	1891
5371	1998
5372	2978
5373	5173
5374	4877
5375	5855
5376	5705
5377	6914
5378	4648
5379	7739
5380	4147
5381	6546
5382	46194
5383	6898
5384	8405
5385	7941
5386	7577
5387	7096
5388	27391
5389	8367
5390	46855
5391	25947
5392	2264
5393	6597
5394	8999
5395	806
5396	26585
5397	1563
5398	6782
5399	7367
5400	6119
5401	409
5402	46972
5403	2187
5404	2056
5405	3732
5406	5867
5407	3586
5408	6613
5409	55926
5410	2477
5411	6756
5412	3436
5413	38798
5414	26350
5415	2758
5416	5628
5417	47044
5418	3427
5419	4158
5420	27722
5421	26258
5422	657
5423	738
5424	749
5425	752
5426	683
5427	727
5428	192
5429	696
5430	400
5431	43460
5432	2451
5433	1987
5434	2878
5435	3024
5436	5048
5437	5209
5438	7071
5439	8899
5440	6567
5441	6964
5442	7933
5443	5090
5444	6615
5445	6058
5446	1979
5447	561
5448	8614
5449	3502
5450	1070
5451	756
5452	210
5453	119
5454	131
5455	3655
5456	1837
5457	4645
5458	4336
5459	4996
5460	32179
5461	3771
5462	2157
5463	1504
5464	264
5465	1695
5466	3531
5467	2960
5468	3131
5469	7812
5470	26055
5471	27820
5472	3205
5473	3402
5474	3737
5475	3792
5476	3734
5477	5821
5478	5660
5479	34336
5480	1336
5481	1862
5482	2514
5483	2149
5484	2902
5485	5909
5486	7450
5487	5473
5488	2668
5489	4505
5490	6090
5491	3870
5492	41716
5493	56145
5494	5427
5495	3664
5496	4619
5497	1999
5498	4985
5499	1992
5500	1993
5501	3563
5502	3961
5503	4669
5504	108
5505	601
5506	793
5507	730
5508	819
5509	712
5510	614
5511	284
5512	437
5513	519
5514	4869
5515	7177
5516	6762
5517	7161
5518	2158
5519	2749
5520	525
5521	341
5522	3612
5523	3759
5524	8754
5525	1160
5526	1600
5527	2674
5528	3116
5529	487
5530	8606
5531	6872
5532	26371
5533	4737
5534	5530
5535	54372
5536	5047
5537	50912
5538	57640
5539	47997
5540	62049
5541	42197
5542	6228
5543	47274
5544	5800
5545	2589
5546	5384
5547	1932
5548	5119
5549	5007
5550	4708
5551	5145
5552	4695
5553	4609
5554	666
5555	1872
5556	4607
5557	4801
5558	5527
5559	510
5560	6005
5561	5568
5562	32291
5563	5423
5564	6109
5565	5974
5566	6477
5567	6609
5568	8921
5569	8123
5570	25996
5571	25828
5572	9011
5573	31617
5574	275
5575	1698
5576	3225
5577	3454
5578	2515
5579	2549
5580	2868
5581	1980
5582	1335
5583	3567
5584	3292
5585	359
5586	2675
5587	1626
5588	792
5589	992
5590	979
5591	40723
5592	37477
5593	2629
5594	600
5595	386
5596	473
5597	1158
5598	115
5599	699
5600	758
5601	399
5602	1109
5603	1164
5604	3375
5605	2663
5606	3780
5607	3807
5608	925
5609	7456
5610	27783
5611	50011
5612	2860
5613	1861
5614	2828
5615	3992
5616	4683
5617	2179
5618	2786
5619	2047
5620	1332
5621	4451
5622	3245
5623	5236
5624	5642
5625	5688
5626	6202
5627	6030
5628	5114
5629	8459
5630	7585
5631	8851
5632	8338
5633	4999
5634	26521
5635	5169
5636	7194
5637	3217
5638	25753
5639	34608
5640	6789
5641	4393
5642	27434
5643	4379
5644	4394
5645	48744
5646	63876
5647	4496
5648	1508
5649	34523
5650	3500
5651	3165
5652	6718
5653	6161
5654	8600
5655	7336
5656	4093
5657	7223
5658	26898
5659	7883
5660	7822
5661	8712
5662	7889
5663	25855
5664	26485
5665	25866
5666	3965
5667	8618
5668	31854
5669	26681
5670	61724
5671	25865
5672	8196
5673	1655
5674	8808
5675	3371
5676	2573
5677	4930
5678	5158
5679	4028
5680	5340
5681	4832
5682	5548
5683	5743
5684	5707
5685	5796
5686	5802
5687	5977
5688	6065
5689	6115
5690	6105
5691	6107
5692	6082
5693	6180
5694	4761
5695	4800
5696	6524
5697	7311
5698	8379
5699	30818
5700	26695
5701	31104
5702	8496
5703	8332
5704	33036
5705	25870
5706	32853
5707	26472
5708	25757
5709	7791
5710	8015
5711	7087
5712	25962
5713	26222
5714	6630
5715	1972
5716	1978
5717	1981
5718	59404
5719	60753
5720	61240
5721	63082
5722	8969
5723	33830
5724	4274
5725	27866
5726	53189
5727	6223
5728	44929
5729	2104
5730	4445
5731	4289
5732	42015
5733	42002
5734	297
5735	796
5736	60983
5737	53953
5738	56607
5739	4173
5740	6935
5741	4398
5742	26713
5743	25963
5744	7008
5745	8796
5746	43910
5747	3738
5748	7028
5749	5963
5750	6877
5751	5598
5752	4159
5753	59026
5754	7057
5755	49642
5756	2865
5757	1841
5758	3800
5759	53435
5760	59900
5761	57526
5762	61024
5763	43744
5764	43919
5765	4120
5766	7312
5767	5874
5768	2540
5769	4074
5770	3320
5771	2557
5772	25975
5773	6338
5774	6116
5775	5274
5776	1656
5777	27841
5778	2380
5779	4735
5780	6803
5781	3776
5782	5494
5783	6211
5784	8373
5785	2933
5786	3875
5787	3648
5788	4416
5789	6403
5790	5951
5791	7940
5792	7792
5793	32369
5794	34482
5795	30991
5796	33454
5797	4595
5798	7388
5799	8482
5800	7124
5801	7338
5802	9000
5803	8662
5804	8480
5805	8191
5806	4836
5807	6459
5808	5352
5809	5980
5810	7951
5811	4480
5812	5779
5813	7228
5814	2614
5815	5127
5816	34271
5817	6400
5818	3913
5819	6480
5820	58803
5821	7113
5822	1369
5823	1400
5824	6453
5825	7786
5826	569
5827	470
5828	2053
5829	50685
5830	4323
5831	6564
5832	52458
5833	1458
5834	48560
5835	2765
5836	4101
5837	820
5838	3344
5839	2603
5840	3806
5841	5202
5842	5290
5843	5569
5844	5797
5845	5911
5846	5891
5847	6236
5848	6430
5849	8265
5850	27608
5851	3946
5852	31724
5853	2884
5854	31364
5855	26302
5856	62434
5857	690
5858	3311
5859	51638
5860	7333
5861	8738
5862	26810
5863	4517
5864	5094
5865	7914
5866	3368
5867	38701
5868	8070
5869	5142
5870	34326
5871	33817
5872	7103
5873	8139
5874	2790
5875	6344
5876	5587
5877	51937
5878	1539
5879	47202
5880	8836
5881	45668
5882	56941
5883	56389
5884	4744
5885	375
5886	48061
5887	25999
5888	5037
5889	26386
5890	37857
5891	974
5892	5168
5893	5230
5894	5231
5895	5167
5896	2904
5897	43928
5898	981
5899	6750
5900	60333
5901	1123
5902	27812
5903	4862
5904	3758
5905	8364
5906	31260
5907	2880
5908	6558
5909	58347
5910	6727
5911	7137
5912	7418
5913	8426
5914	8512
5915	8574
5916	8275
5917	8011
5918	49132
5919	7043
5920	26974
5921	1768
5922	5986
5923	7586
5924	31590
5925	26148
5926	6467
5927	6797
5928	6506
5929	47306
5930	7944
5931	8268
5932	8127
5933	5346
5934	4863
5935	8752
5936	5179
5937	6139
5938	53127
5939	45183
5940	44397
5941	33138
5942	3120
5943	4534
5944	2981
5945	4673
5946	4355
5947	2956
5948	5193
5949	3417
5950	3797
5951	51077
5952	44972
5953	44731
5954	59037
5955	57532
5956	6771
5957	4151
5958	5422
5959	5068
5960	6144
5961	2994
5962	6413
5963	5696
5964	6542
5965	6544
5966	1430
5967	1434
5968	1448
5969	1455
5970	1110
5971	1436
5972	1443
5973	1467
5974	1139
5975	1424
5976	1433
5977	1462
5978	1486
5979	6614
5980	3124
5981	5896
5982	4898
5983	2685
5984	7238
5985	6921
5986	5912
5987	5725
5988	56921
5989	26614
5990	2465
5991	3696
5992	3663
5993	3665
5994	4201
5995	4331
5996	4949
5997	4950
5998	5522
5999	4991
6000	5596
6001	6227
6002	6575
6003	6585
6004	6813
6005	6744
6006	8259
6007	7646
6008	54
6009	6014
6010	48879
6011	25841
6012	4777
6013	3437
6014	5165
6015	2211
6016	2649
6017	5233
6018	7056
6019	8140
6020	26283
6021	25825
6022	8153
6023	47723
6024	25937
6025	26078
6026	8331
6027	31347
6028	25900
6029	49688
6030	26147
6031	4199
6032	4200
6033	5175
6034	2812
6035	6725
6036	64969
6037	3625
6038	4386
6039	52967
6040	7163
6041	5550
6042	6255
6043	6029
6044	5519
6045	8790
6046	3106
6047	59103
6048	63113
6049	5024
6050	47721
6051	52767
6052	26524
6053	2103
6054	1843
6055	2200
6056	2449
6057	3673
6058	499
6059	453
6060	7211
6061	7305
6062	59018
6063	3353
6064	2434
6065	436
6066	5637
6067	4779
6068	5907
6069	3765
6070	3619
6071	54962
6072	4277
6073	1606
6074	1181
6075	5093
6076	59022
6077	2856
6078	7186
6079	5323
6080	128
6081	6975
6082	33603
6083	26492
6084	44828
6085	5731
6086	8854
6087	7930
6088	26603
6089	3843
6090	60950
6091	26788
6092	7815
6093	7895
6094	4549
6095	5612
6096	3646
6097	3530
6098	2793
6099	4856
6100	40339
6101	8481
6102	59590
6103	31035
6104	8739
6105	5614
6106	6790
6107	5836
6108	25763
6109	30721
6110	7992
6111	7260
6112	47122
6113	4989
6114	6419
6115	8980
6116	27843
6117	58706
6118	8939
6119	6959
6120	34334
6121	39435
6122	1685
6123	45175
6124	1746
6125	3215
6126	6264
6127	5246
6128	4565
6129	5248
6130	7082
6131	6527
6132	3029
6133	4181
6134	53207
6135	3743
6136	6025
6137	26491
6138	4819
6139	4729
6140	27768
6141	27564
6142	31004
6143	5517
6144	6644
6145	5908
6146	3550
6147	6735
6148	6232
6149	5933
6150	6895
6151	8124
6152	25927
6153	8121
6154	5023
6155	26577
6156	32285
6157	8759
6158	6775
6159	6382
6160	5005
6161	7025
6162	7092
6163	6916
6164	40955
6165	6197
6166	8610
6167	6511
6168	5429
6169	7745
6170	6452
6171	3905
6172	6289
6173	6678
6174	1664
6175	1565
6176	25971
6177	5082
6178	6182
6179	5868
6180	5098
6181	3533
6182	6723
6183	1822
6184	4634
6185	4064
6186	5590
6187	6229
6188	6817
6189	6395
6190	6478
6191	7236
6192	7348
6193	3970
6194	7278
6195	6148
6196	7410
6197	7307
6198	8142
6199	7878
6200	7029
6201	7171
6202	5249
6203	5509
6204	6812
6205	7492
6206	5961
6207	5268
6208	2892
6209	5653
6210	6132
6211	52462
6212	4255
6213	26616
6214	30846
6215	8793
6216	8527
6217	7368
6218	33145
6219	3974
6220	1122
6221	2129
6222	5314
6223	5457
6224	5411
6225	6550
6226	6683
6227	7487
6228	6017
6229	2651
6230	2992
6231	2637
6232	8756
6233	32170
6234	7888
6235	52435
6236	45666
6237	5458
6238	4771
6239	6980
6240	8660
6241	7308
6242	55071
6243	2281
6244	40966
6245	49220
6246	31445
6247	6768
6248	39441
6249	4794
6250	7045
6251	4626
6252	6126
6253	4841
6254	5589
6255	6998
6256	3802
6257	4845
6258	56715
6259	7010
6260	42021
6261	53737
6262	48142
6263	4853
6264	32469
6265	8718
6266	25916
6267	37475
6268	34536
6269	6989
6270	6279
6271	8201
6272	7011
6273	8700
6274	8714
6275	5386
6276	7214
6277	8920
6278	7217
6279	5001
6280	25888
6281	7330
6282	8719
6283	8661
6284	8446
6285	6446
6286	6469
6287	6443
6288	3642
6289	6455
6290	7617
6291	6276
6292	26181
6293	40988
6294	26139
6295	8524
6296	6435
6297	6462
6298	3154
6299	8613
6300	8693
6301	975
6302	6437
6303	4401
6304	6447
6305	3601
6306	32371
6307	7109
6308	8956
6309	6883
6310	6588
6311	6961
6312	7003
6313	8964
6314	8729
6315	55274
6316	8654
6317	6990
6318	5499
6319	7205
6320	8688
6321	462
6322	32347
6323	32361
6324	967
6325	4114
6326	48326
6327	4659
6328	7356
6329	8339
6330	3137
6331	7821
6332	4983
6333	25901
6334	8689
6335	4363
6336	34065
6337	5915
6338	5978
6339	4110
6340	6473
6341	3960
6342	8579
6343	7872
6344	5063
6345	7196
6346	8686
6347	51678
6348	8652
6349	51911
6350	40973
6351	8033
6352	6498
6353	4610
6354	7032
6355	55259
6356	48698
6357	8056
6358	53038
6359	1525
6360	4106
6361	5190
6362	26704
6363	8786
6364	598
6365	563
6366	47952
6367	50796
6368	49524
6369	37720
6370	6102
6371	34198
6372	34148
6373	33585
6374	8157
6375	27397
6376	2308
6377	2113
6378	4621
6379	27830
6380	4581
6381	34332
6382	2559
6383	5083
6384	8844
6385	245
6386	4531
6387	4782
6388	56333
6389	6677
6390	5331
6391	27882
6392	6710
6393	4834
6394	3945
6395	3692
6396	7990
6397	5639
6398	31079
6399	3931
6400	5712
6401	52950
6402	26064
6403	26005
6404	25995
6405	8302
6406	26599
6407	4759
6408	1599
6409	33421
6410	8577
6411	25771
6412	30712
6413	7756
6414	8730
6415	5496
6416	27700
6417	61352
6418	2458
6419	962
6420	5081
6421	3588
6422	32058
6423	53464
6424	27584
6425	55261
6426	33085
6427	36533
6428	37727
6429	4893
6430	50792
6431	2897
6432	4286
6433	27850
6434	31689
6435	54331
6436	6835
6437	58806
6438	2535
6439	4885
6440	4962
6441	4243
6442	5106
6443	5387
6444	7275
6445	7257
6446	6763
6447	7255
6448	6351
6449	5220
6450	54256
6451	46974
6452	3295
6453	6191
6454	8826
6455	4984
6456	1496
6457	8375
6458	6996
6459	4153
6460	5454
6461	3553
6462	2552
6463	8659
6464	6012
6465	2798
6466	31427
6467	3130
6468	5730
6469	33649
6470	31424
6471	8387
6472	32296
6473	4340
6474	46337
6475	32589
6476	45442
6477	33836
6478	48520
6479	55250
6480	6647
6481	6966
6482	5080
6483	6713
6484	8801
6485	6114
6486	8502
6487	8294
6488	1640
6489	3894
6490	3954
6491	3906
6492	3862
6493	6234
6494	5790
6495	32124
6496	55272
6497	2479
6498	2480
6499	2543
6500	9005
6501	4919
6502	5406
6503	4627
6504	1820
6505	31485
6506	2286
6507	6674
6508	8698
6509	62344
6510	8795
6511	4129
6512	5208
6513	4510
6514	3324
6515	4068
6516	5478
6517	5363
6518	5264
6519	5529
6520	4899
6521	6185
6522	4463
6523	26375
6524	8266
6525	55577
6526	7315
6527	651
6528	7232
6529	7936
6530	25945
6531	8202
6532	31770
6533	8232
6534	32525
6535	6071
6536	8625
6537	5407
6538	8876
6539	7344
6540	34002
6541	61160
6542	6992
6543	5006
6544	5128
6545	5556
6546	624
6547	57690
6548	3923
6549	2658
6550	5038
6551	6288
6552	2602
6553	2256
6554	3886
6555	6592
6556	1341
6557	5984
6558	42094
6559	8198
6560	55253
6561	4686
6562	3326
6563	6415
6564	5096
6565	58299
6566	26564
6567	591
6568	1760
6569	3937
6570	4502
6571	5884
6572	5647
6573	4592
6574	5412
6575	2473
6576	5585
6577	5648
6578	4696
6579	5898
6580	5360
6581	6995
6582	6864
6583	2153
6584	4687
6585	7046
6586	4716
6587	7919
6588	8833
6589	25952
6590	9007
6591	8057
6592	7578
6593	5232
6594	7049
6595	5058
6596	4293
6597	8576
6598	3854
6599	2711
6600	1490
6601	1495
6602	2191
6603	2850
6604	1796
6605	5539
6606	6404
6607	8740
6608	1632
6609	1602
6610	34359
6611	4935
6612	45501
6613	6967
6614	1543
6615	4580
6616	2326
6617	5134
6618	8573
6619	26838
6620	6816
6621	44225
6622	5327
6623	6526
6624	59141
6625	3190
6626	4479
6627	4376
6628	26875
6629	51991
6630	7565
6631	8735
6632	26366
6633	6655
6634	26251
6635	8407
6636	59382
6637	3909
6638	4382
6639	32596
6640	1519
6641	32381
6642	25839
6643	682
6644	4113
6645	6035
6646	8143
6647	6258
6648	3122
6649	3216
6650	7300
6651	5542
6652	4931
6653	4044
6654	3283
6655	7297
6656	50229
6657	4177
6658	3845
6659	1819
6660	4076
6661	4352
6662	4682
6663	4561
6664	1988
6665	4685
6666	2461
6667	2903
6668	2462
6669	4676
6670	4959
6671	3887
6672	27456
6673	45062
6674	3982
6675	5484
6676	7953
6677	58652
6678	4772
6679	5993
6680	49824
6681	3518
6682	33539
6683	60943
6684	56030
6685	7370
6686	6691
6687	6559
6688	3766
6689	3767
6690	3768
6691	8385
6692	6806
6693	43684
6694	8400
6695	7165
6696	8761
6697	7085
6698	8487
6699	5372
6700	8398
6701	40962
6702	6060
6703	3399
6704	8544
6705	30970
6706	5041
6707	5356
6708	6566
6709	3837
6710	4332
6711	1106
6712	3459
6713	3643
6714	3370
6715	8372
6716	6536
6717	61742
6718	48856
6719	49284
6720	27416
6721	33558
6722	6681
6723	1724
6724	3888
6725	6778
6726	430
6727	3832
6728	6861
6729	5521
6730	7179
6731	8629
6732	27020
6733	2838
6734	5817
6735	6118
6736	4395
6737	33592
6738	7320
6739	6547
6740	394
6741	7986
6742	6945
6743	4180
6744	1595
6745	4680
6746	7894
6747	7241
6748	6880
6749	4622
6750	3497
6751	2516
6752	6470
6753	7379
6754	6525
6755	6392
6756	5588
6757	8388
6758	5610
6759	6999
6760	6379
6761	26465
6762	5591
6763	7897
6764	8931
6765	4176
6766	25891
6767	8521
6768	25798
6769	3773
6770	32261
6771	7809
6772	39390
6773	5832
6774	4171
6775	4287
6776	623
6777	209
6778	38188
6779	6549
6780	768
6781	34540
6782	7488
6783	286
6784	7128
6785	2835
6786	7148
6787	58783
6788	56908
6789	50274
6790	43934
6791	3715
6792	7584
6793	4475
6794	5467
6795	2569
6796	3509
6797	60937
6798	60037
6799	50003
6800	5626
6801	251
6802	2934
6803	32593
6804	5824
6805	3585
6806	4032
6807	2853
6808	1825
6809	3431
6810	3432
6811	5518
6812	6154
6813	3757
6814	8875
6815	8588
6816	6705
6817	3847
6818	3351
6819	52717
6820	31429
6821	6248
6822	51037
6823	45726
6824	6045
6825	3975
6826	7742
6827	62250
6828	4335
6829	4492
6830	8813
6831	59440
6832	33150
6833	55498
6834	5910
6835	5280
6836	8519
6837	5466
6838	3335
6839	3878
6840	4879
6841	5852
6842	7453
6843	8809
6844	8870
6845	8869
6846	39414
6847	51698
6848	27828
6849	7358
6850	8133
6851	2035
6852	2031
6853	1731
6854	5692
6855	4206
6856	5538
6857	6432
6858	6407
6859	2627
6860	3881
6861	1531
6862	3711
6863	8743
6864	6078
6865	5042
6866	8591
6867	31255
6868	7266
6869	7051
6870	51
6871	7258
6872	32300
6873	43679
6874	49649
6875	37380
6876	1636
6877	1675
6878	2368
6879	5929
6880	5990
6881	26198
6882	5622
6883	7208
6884	26680
6885	54193
6886	5163
6887	2785
6888	3630
6889	25773
6890	5335
6891	34538
6892	49666
6893	49200
6894	31026
6895	50442
6896	2756
6897	4083
6898	59143
6899	2666
6900	2635
6901	1881
6902	5071
6903	2998
6904	7019
6905	6851
6906	8710
6907	2667
6908	31408
6909	5079
6910	2415
6911	7119
6912	7416
6913	5853
6914	40946
6915	6875
6916	5798
6917	4261
6918	1850
6919	8260
6920	27022
6921	52606
6922	33451
6923	34292
6924	4968
6925	32302
6926	7879
6927	4791
6928	3367
6929	3373
6930	4324
6931	5390
6932	5859
6933	1869
6934	1807
6935	6240
6936	4663
6937	5046
6938	4063
6939	5309
6940	4613
6941	4675
6942	6802
6943	60161
6944	62956
6945	52885
6946	5174
6947	4573
6948	5689
6949	4122
6950	5563
6951	6320
6952	6245
6953	3810
6954	6064
6955	6047
6956	5869
6957	6416
6958	6337
6959	2487
6960	4038
6961	7414
6962	7226
6963	3880
6964	7415
6965	8499
6966	8768
6967	7180
6968	5924
6969	7571
6970	8766
6971	6068
6972	3380
6973	8595
6974	26349
6975	7580
6976	31467
6977	34155
6978	42732
6979	6926
6980	7015
6981	40959
6982	45635
6983	48598
6984	47950
6985	25929
6986	44864
6987	39398
6988	45440
6989	7890
6990	46967
6991	41721
6992	5300
6993	58839
6994	33113
6995	60291
6996	59731
6997	7474
6998	38992
6999	45503
7000	3874
7001	58154
7002	2914
7003	7111
7004	6562
7005	6449
7006	6410
7007	5503
7008	6398
7009	4050
7010	4473
7011	55729
7012	58084
7013	58191
7014	59519
7015	55721
7016	3056
7017	3121
7018	6312
7019	26903
7020	5735
7021	5734
7022	38499
7023	3640
7024	7102
7025	3393
7026	3924
7027	3690
7028	3520
7029	4204
7030	3286
7031	6036
7032	5092
7033	6523
7034	6528
7035	5942
7036	5564
7037	7183
7038	6702
7039	4348
7040	6249
7041	8616
7042	32862
7043	8187
7044	32151
7045	8526
7046	7916
7047	4792
7048	8824
7049	7294
7050	7319
7051	44840
7052	48319
7053	7381
7054	2673
7055	6749
7056	26230
7057	5085
7058	8713
7059	7005
7060	8377
7061	5311
7062	7250
7063	7222
7064	3378
7065	3934
7066	3340
7067	687
7068	3014
7069	7775
7070	4521
7071	1878
7072	5609
7073	7790
7074	3299
7075	3023
7076	1526
7077	8378
7078	7624
7079	39307
7080	7753
7081	55451
7082	25755
7083	8208
7084	44889
7085	25835
7086	4152
7087	26686
7088	5763
7089	7774
7090	1659
7091	4244
7092	4647
7093	5223
7094	7295
7095	7286
7096	27528
7097	8621
7098	1903
7099	2400
7100	3719
7101	6535
7102	58047
7103	7923
7104	7896
7105	8955
7106	9013
7107	31086
7108	46803
7109	25766
7110	31973
7111	8126
7112	2566
7113	4764
7114	5879
7115	4724
7116	4256
7117	56001
7118	8938
7119	6173
7120	1630
7121	7364
7122	2876
7123	7290
7124	8037
7125	3900
7126	4415
7127	4260
7128	1718
7129	57464
7130	58293
7131	61248
7132	61167
7133	57370
7134	54513
7135	54648
7136	46430
7137	46865
7138	44399
7139	43871
7140	37853
7141	5691
7142	5476
7143	44633
7144	49396
7145	8130
7146	36401
7147	50794
7148	55232
7149	58162
7150	2564
7151	4790
7152	4566
7153	25893
7154	7050
7155	7181
7156	25886
7157	8757
7158	26394
7159	32234
7160	39402
7161	2679
7162	2680
7163	6342
7164	41425
7165	26497
7166	42721
7167	476
7168	6900
7169	45382
7170	8062
7171	8959
7172	3971
7173	4483
7174	2854
7175	3021
7176	4417
7177	5567
7178	5206
7179	7157
7180	6349
7181	6476
7182	244
7183	26479
7184	49647
7185	7483
7186	6113
7187	2887
7188	2196
7189	4240
7190	37855
7191	65133
7192	64285
7193	5901
7194	6884
7195	6997
7196	5786
7197	4353
7198	31247
7199	8227
7200	8257
7201	55292
7202	47124
7203	57910
7204	6176
7205	26745
7206	50858
7207	55687
7208	3331
7209	5726
7210	7942
7211	291
7212	734
7213	723
7214	814
7215	31956
7216	55176
7217	47937
7218	25961
7219	55553
7220	2816
7221	2817
7222	2818
7223	3709
7224	48791
7225	26562
7226	26391
7227	8755
7228	6684
7229	3577
7230	8715
7231	4163
7232	61361
7233	4454
7234	1553
7235	27271
7236	5111
7237	2441
7238	3611
7239	6910
7240	7459
7241	200
7242	6217
7243	4341
7244	1863
7245	3343
7246	4469
7247	56508
7248	5561
7249	9014
7250	1551
7251	826
7252	2768
7253	2773
7254	4569
7255	4397
7256	2807
7257	4182
7258	4266
7259	3374
7260	5234
7261	3401
7262	4048
7263	5664
7264	7030
7265	4810
7266	4172
7267	27778
7268	6695
7269	61818
7270	6265
7271	3139
7272	56801
7273	57534
7274	32025
7275	31903
7276	5641
7277	6049
7278	4972
7279	2646
7280	3410
7281	39408
7282	56158
7283	55566
7284	8996
7285	4137
7286	40586
7287	5109
7288	7616
7289	3064
7290	8825
7291	5962
7292	3942
7293	3941
7294	7989
7295	33132
7296	7016
7297	3564
7298	3991
7299	55288
7300	62553
7301	62137
7302	7899
7303	5243
7304	7026
7305	59107
7306	2965
7307	6850
7308	7202
7309	32988
7310	6704
7311	55245
7312	6497
7313	8907
7314	8918
7315	4671
7316	5841
7317	6111
7318	32591
7319	654
7320	7134
7321	4481
7322	6885
7323	3349
7324	3491
7325	2753
7326	32022
7327	43869
7328	143
7329	3756
7330	34520
7331	7195
7332	1826
7333	4750
7334	7244
7335	54274
7336	5501
7337	3390
7338	8747
7339	5523
7340	4059
7341	1324
7342	5979
7343	5925
7344	53999
7345	50153
7346	6729
7347	6962
7348	3774
7349	4198
7350	6061
7351	31447
7352	5815
7353	27563
7354	3319
7355	4918
7356	6243
7357	4490
7358	7707
7359	5170
7360	27734
7361	26985
7362	6314
7363	6318
7364	6226
7365	2733
7366	6252
7367	6321
7368	1749
7369	26269
7370	8922
7371	7331
7372	31148
7373	4960
7374	5468
7375	6908
7376	401
7377	7761
7378	26240
7379	6652
7380	58876
7381	27735
7382	2767
7383	3721
7384	8905
7385	6815
7386	8068
7387	8203
7388	3013
7389	414
7390	295
7391	7636
7392	8989
7393	6886
7394	26326
7395	8391
7396	3522
7397	8987
7398	3400
7399	3495
7400	3041
7401	6573
7402	7038
7403	6610
7404	52005
7405	8463
7406	7078
7407	31737
7408	25899
7409	7182
7410	25793
7411	25744
7412	25762
7413	7126
7414	25905
7415	25789
7416	6383
7417	50445
7418	6844
7419	7199
7420	53769
7421	3403
7422	4923
7423	6583
7424	6298
7425	5491
7426	4538
7427	6257
7428	32632
7429	32882
7430	37211
7431	34018
7432	61123
7433	47728
7434	26170
7435	59995
7436	5131
7437	8522
7438	3902
7439	41336
7440	53835
7441	7376
7442	6800
7443	4203
7444	7017
7445	6015
7446	42009
7447	6251
7448	31687
7449	43558
7450	8709
7451	6619
7452	44613
7453	3748
7454	1874
7455	5834
7456	62081
7457	5382
7458	3834
7459	3805
7460	5228
7461	33722
7462	4434
7463	6965
7464	8017
7465	5526
7466	1795
7467	37736
7468	46653
7469	5235
7470	4753
7471	6653
7472	7993
7473	32352
7474	7884
7475	34177
7476	34583
7477	26398
7478	26629
7479	25993
7480	34767
7481	8330
7482	8119
7483	7036
7484	1326
7485	1549
7486	4060
7487	3392
7488	6190
7489	5655
7490	32770
7491	5226
7492	55286
7493	52668
7494	26462
7495	26550
7496	6805
7497	5858
7498	32617
7499	5061
7500	3912
7501	4512
7502	2653
7503	31223
7504	6624
7505	6871
7506	60758
7507	4049
7508	5987
7509	4413
7510	3866
7511	6055
7512	1558
7513	5862
7514	8997
7515	6479
7516	6737
7517	1764
7518	672
7519	2684
7520	1386
7521	676
7522	31362
7523	3636
7524	6325
7525	62662
7526	4516
7527	8189
7528	27193
7529	8605
7530	8912
7531	34530
7532	61986
7533	8971
7534	8946
7535	3620
7536	3940
7537	5123
7538	2849
7539	6977
7540	1771
7541	3846
7542	3433
7543	1743
7544	3391
7545	3434
7546	2737
7547	53887
7548	3796
7549	44301
7550	62336
7551	1930
7552	1720
7553	5482
7554	5535
7555	5566
7556	5624
7557	5677
7558	5789
7559	5536
7560	5537
7561	5562
7562	5579
7563	5687
7564	5559
7565	5531
7566	5997
7567	26527
7568	6798
7569	4781
7570	4838
7571	8578
7572	8092
7573	45106
7574	3838
7575	3839
7576	6483
7577	3464
7578	6746
7579	4584
7580	1157
7581	1628
7582	46772
7583	4213
7584	4618
7585	31435
7586	4493
7587	4494
7588	8666
7589	58332
7590	2783
7591	5205
7592	7887
7593	7958
7594	7950
7595	8194
7596	51277
7597	5086
7598	2608
7599	3490
7600	3867
7601	2044
7602	5262
7603	3184
7604	5749
7605	5711
7606	5931
7607	6147
7608	58376
7609	5819
7610	636
7611	26547
7612	50347
7613	5773
7614	5706
7615	59295
7616	26318
7617	2743
7618	6022
7619	46335
7620	54775
7621	58655
7622	62792
7623	42011
7624	7448
7625	8841
7626	7490
7627	26796
7628	32444
7629	50189
7630	39715
7631	49526
7632	49312
7633	4250
7634	285
7635	50158
7636	1534
7637	7002
7638	8494
7639	8295
7640	6939
7641	26819
7642	5939
7643	59369
7644	6649
7645	7350
7646	8794
7647	6262
7648	4637
7649	57504
7650	52287
7651	60514
7652	2652
7653	4913
7654	5435
7655	5495
7656	7130
7657	3166
7658	58334
7659	61075
7660	59118
7661	2258
7662	43932
7663	58879
7664	8674
7665	64716
7666	51094
7667	8933
7668	3956
7669	43914
7670	39703
7671	64839
7672	5124
7673	6882
7674	8832
7675	3172
7676	7033
7677	7101
7678	2896
7679	620
7680	3239
7681	55955
7682	59014
7683	5181
7684	7357
7685	6665
7686	4667
7687	27888
7688	48416
7689	3389
7690	3674
7691	26012
7692	58972
7693	4196
7694	8681
7695	37545
7696	5846
7697	5777
7698	5088
7699	5775
7700	4097
7701	4504
7702	4073
7703	5301
7704	25752
7705	42728
7706	61236
7707	59684
7708	6510
7709	4785
7710	45732
7711	197
7712	8149
7713	48596
7714	45852
7715	2678
7716	3229
7717	6428
7718	5129
7719	7172
7720	8190
7721	32349
7722	8025
7723	7442
7724	5203
7725	6384
7726	5889
7727	53002
7728	5140
7729	50005
7730	4961
7731	3691
7732	3517
7733	4547
7734	774
7735	3803
7736	26734
7737	33124
7738	62999
7739	6042
7740	8745
7741	3603
7742	4575
7743	4937
7744	2164
7745	4697
7746	4503
7747	6206
7748	6784
7749	27875
7750	32721
7751	1723
7752	7302
7753	45525
7754	6682
7755	6927
7756	1715
7757	26870
7758	4078
7759	5317
7760	3009
7761	2869
7762	4303
7763	2831
7764	6601
7765	3413
7766	8273
7767	8043
7768	3775
7769	6026
7770	2523
7771	5153
7772	3233
7773	62155
7774	61931
7775	26002
7776	31934
7777	6854
7778	8881
7779	7112
7780	8611
7781	6439
7782	8206
7783	48301
7784	8898
7785	34143
7786	6133
7787	7813
7788	3228
7789	411
7790	6822
7791	27362
7792	3584
7793	32584
7794	4157
7795	2537
7796	41136
7797	584
7798	4665
7799	4099
7800	4749
7801	6464
7802	27865
7803	45221
7804	32289
7805	8911
7806	1765
7807	4625
7808	5029
7809	4313
7810	4409
7811	5393
7812	5362
7813	2215
7814	5795
7815	6181
7816	4192
7817	4319
7818	5116
7819	5966
7820	4924
7821	3835
7822	2760
7823	167
7824	3570
7825	7141
7826	6343
7827	6930
7828	655
7829	32387
7830	6741
7831	6120
7832	8495
7833	6463
7834	2650
7835	3472
7836	5551
7837	4472
7838	4752
7839	8884
7840	2226
7841	5842
7842	8291
7843	8447
7844	5764
7845	5396
7846	4854
7847	3610
7848	5474
7849	1001
7850	8763
7851	8694
7852	8647
7853	8399
7854	7727
7855	7398
7856	7394
7857	6912
7858	5166
7859	3602
7860	7221
7861	34624
7862	7354
7863	6451
7864	32627
7865	2578
7866	3443
7867	5756
7868	48883
7869	8929
7870	26158
7871	5089
7872	5148
7873	3850
7874	5365
7875	51705
7876	33358
7877	5751
7878	31577
7879	53161
7880	1154
7881	27876
7882	32383
7883	5178
7884	33621
7885	3669
7886	1738
7887	5555
7888	127
7889	2638
7890	5694
7891	6809
7892	2270
7893	63433
7894	32456
7895	26743
7896	47493
7897	5431
7898	4399
7899	26649
7900	27370
7901	4525
7902	39449
7903	6347
7904	4520
7905	8421
7906	7846
7907	4997
7908	3710
7909	3268
7910	5593
7911	31270
7912	4375
7913	61729
7914	44759
7915	5581
7916	50800
7917	6720
7918	1107
7919	5930
7920	7328
7921	55999
7922	61394
7923	5794
7924	1524
7925	4629
7926	8777
7927	43556
7928	4917
7929	37287
7930	25941
7931	44653
7932	26159
7933	41699
7934	3589
7935	51834
7936	2945
7937	64197
7938	64278
7939	4933
7940	60674
7941	59392
7942	64620
7943	5663
7944	7948
7945	8680
7946	52413
7947	4698
7948	7083
7949	32162
7950	4390
7951	8994
7952	6487
7953	5736
7954	5737
7955	5738
7956	5740
7957	6641
7958	1915
7959	8585
7960	5408
7961	4851
7962	6192
7963	62374
7964	6493
7965	6937
7966	27186
7967	7847
7968	890
7969	7114
7970	6166
7971	1853
7972	61255
7973	61071
7974	4222
7975	5078
7976	6141
7977	5018
7978	4714
7979	5768
7980	6484
7981	7261
7982	1789
7983	2299
7984	4485
7985	6827
7986	5192
7987	1716
7988	33158
7989	6152
7990	56949
7991	3714
7992	6505
7993	8913
7994	1739
7995	27509
7996	3236
7997	7491
7998	59421
7999	58107
8000	57792
8001	60389
8002	6792
8003	8454
8004	4491
8005	4953
8006	34643
8007	3575
8008	38198
8009	42013
8010	3031
8011	26270
8012	62803
8013	62801
8014	4674
8015	6823
8016	1842
8017	8612
8018	44595
8019	6531
8020	2216
8021	7541
8022	2855
8023	46231
8024	38294
8025	6508
8026	49355
8027	4596
8028	5744
8029	1520
8030	5580
8031	4796
8032	7787
8033	26561
8034	58622
8035	47117
8036	8788
8037	4839
8038	57845
8039	4693
8040	32239
8041	7343
8042	3042
8043	56719
8044	8488
8045	48414
8046	5953
8047	26073
8048	26048
8049	44073
8050	5189
8051	2061
8052	5919
8053	6100
8054	8598
8055	6951
8056	7142
8057	4528
8058	25746
8059	54771
8060	6515
8061	4462
8062	47830
8063	5057
8064	58301
8065	4660
8066	50259
8067	6366
8068	59810
8069	7175
8070	2350
8071	1770
8072	59607
8073	65001
8074	4807
8075	25924
8076	629
8077	5999
8078	63237
8079	5443
8080	4249
8081	1697
8082	47778
8083	4630
8084	26663
8085	5656
8086	4773
8087	48711
8088	5883
8089	3540
8090	8381
8091	26782
8092	4004
8093	4593
8094	2464
8095	4284
8096	33499
8097	62293
8098	56915
8099	572
8100	5808
8101	7012
8102	26699
8103	33072
8104	61967
8105	60990
8106	26208
8107	7316
8108	8518
8109	3523
8110	641
8111	226
8112	6009
8113	53355
8114	3860
8115	7420
8116	8460
8117	54278
8118	8821
8119	47465
8120	770
8121	30981
8122	45662
8123	5091
8124	57951
8125	4127
8126	4130
8127	2592
8128	3279
8129	5376
8130	39394
8131	32213
8132	1905
8133	4513
8134	41014
8135	1817
8136	6066
8137	8040
8138	7249
8139	6897
8140	5532
8141	773
8142	4952
8143	33168
8144	6804
8145	51209
8146	27095
8147	3313
8148	50804
8149	59727
8150	52644
8151	5512
8152	6329
8153	5197
8154	6092
8155	8991
8156	8986
8157	32646
8158	6657
8159	3395
8160	36056
8161	2192
8162	2127
8163	3314
8164	27513
8165	47516
8166	43930
8167	30883
8168	1877
8169	58898
8170	27376
8171	5307
8172	6688
8173	8293
8174	32009
8175	6554
8176	8024
8177	5823
8178	6153
8179	698
8180	4065
8181	6906
8182	27685
8183	3025
8184	8403
8185	6414
8186	7817
8187	3687
8188	4606
8189	1890
8190	2030
8191	5490
8192	7885
8193	6848
8194	1989
8195	26842
8196	31930
8197	41627
8198	31700
8199	32333
8200	27316
8201	44729
8202	53004
8203	8363
8204	32666
8205	8843
8206	7117
8207	5424
8208	54768
8209	31422
8210	6196
8211	4852
8212	1328
8213	26339
8214	26558
8215	8787
8216	5972
8217	5117
8218	5762
8219	4831
8220	3488
8221	54734
8222	2703
8223	6828
8224	46062
8225	62912
8226	47382
8227	55419
8228	6256
8229	5157
8230	4922
8231	5958
8232	5439
8233	7272
8234	7563
8235	30745
8236	47642
8237	44949
8238	2715
8239	142
8240	31367
8241	4868
8242	3568
8243	63329
8244	6458
8245	40817
8246	53466
8247	3631
8248	57484
8249	33264
8250	64408
8251	32875
8252	8726
8253	4088
8254	61697
8255	4567
8256	1170
8257	54196
8258	62511
8259	50802
8260	7252
8261	6628
8262	40010
8263	60137
8264	55278
8265	1532
8266	5164
8267	4934
8268	6445
8269	8850
8270	4895
8271	33136
8272	33134
8273	41025
8274	8927
8275	4164
8276	8362
8277	31584
8278	5675
8279	5838
8280	58156
8281	44815
8282	47646
8283	43987
8284	3573
8285	3572
8286	3574
8287	3962
8288	3666
8289	60946
8290	60133
8291	2604
8292	45335
8293	4497
8294	4987
8295	5771
8296	4425
8297	5697
8298	3883
8299	2595
8300	4598
8301	2655
8302	8778
8303	6198
8304	4385
8305	4435
8306	49276
8307	51372
8308	57353
8309	59258
8310	3716
8311	4666
8312	6203
8313	5455
8314	5652
8315	6024
8316	6488
8317	6492
8318	8936
8319	9002
8320	61475
8321	63310
8322	46901
8323	60309
8324	63772
8325	32954
8326	34299
8327	26142
8328	7184
8329	6137
8330	5793
8331	4482
8332	8631
8333	5996
8334	4656
8335	4449
8336	8395
8337	5885
8338	693
8339	133
8340	3976
8341	8934
8342	8900
8343	815
8344	1852
8345	6087
8346	7626
8347	3939
8348	63033
8349	27491
8350	8374
8351	4081
8352	6648
8353	6220
8354	6285
8355	5880
8356	625
8357	6752
8358	6076
8359	55205
8360	6680
8361	8804
8362	52279
8363	47264
8364	55116
8365	5336
8366	8682
8367	579
8368	4717
8369	52456
8370	4751
8371	32174
8372	25951
8373	7097
8374	1322
8375	5917
8376	8583
8377	2265
8378	8849
8379	5860
8380	6825
8381	5469
8382	8862
8383	6646
8384	1908
8385	4875
8386	56060
8387	4471
8388	47615
8389	2695
8390	4707
8391	52321
8392	40337
8393	64249
8394	6994
8395	63647
8396	63479
8397	6714
8398	4288
8399	27833
8400	7108
8401	26303
8402	33164
8403	4755
8404	6969
8405	7447
8406	8687
8407	50147
8408	8829
8409	3305
8410	45361
8411	1325
8412	5918
8413	51088
8414	8967
8415	43904
8416	33188
8417	47254
8418	48522
8419	48741
8420	3644
8421	34063
8422	1886
8423	4897
8424	4590
8425	6037
8426	5486
8427	6177
8428	48943
8429	5216
8430	4837
8431	5741
8432	8840
8433	26744
8434	26487
8435	51418
8436	52724
8437	5448
8438	4139
8439	60289
8440	42783
8441	32792
8442	64280
8443	8904
8444	8811
8445	5144
8446	8393
8447	31150
8448	8608
8449	55156
8450	7946
8451	7928
8452	40952
8453	8571
8454	6307
8455	8238
8456	7574
8457	49347
8458	7106
8459	52460
8460	7176
8461	5806
8462	63808
8463	4556
8464	27744
8465	4942
8466	63992
8467	62718
8468	31123
8469	53578
8470	26249
8471	3226
8472	8619
8473	8129
8474	6000
8475	7077
8476	8423
8477	8882
8478	25759
8479	3853
8480	3891
8481	7248
8482	26791
8483	46839
8484	1528
8485	1561
8486	57848
8487	4858
8488	7270
8489	7362
8490	5662
8491	4412
8492	33905
8493	5849
8494	54621
8495	1864
8496	5781
8497	130
8498	26483
8499	53133
8500	7886
8501	5552
8502	6500
8503	7900
8504	6913
8505	7882
8506	3085
8507	8815
8508	5935
8509	5318
8510	5321
8511	4861
8512	6866
8513	4115
8514	4988
8515	7224
8516	61250
8517	54612
8518	4636
8519	5315
8520	8584
8521	6408
8522	54780
8523	1830
8524	49528
8525	27544
8526	5251
8527	4894
8528	4253
8529	6334
8530	59594
8531	3065
8532	62376
8533	6700
8534	395
8535	4559
8536	57522
8537	7959
8538	7417
8539	64497
8540	64983
8541	7192
8542	64957
8543	8455
8544	8749
8545	7253
8546	8697
8547	398
8548	26007
8549	564
8550	2591
8551	59418
8552	31555
8553	3590
8554	5778
8555	406
8556	33819
8557	41769
8558	5100
8559	6556
8560	4365
8561	9016
8562	64986
8563	52838
8564	6730
8565	45658
8566	26306
8567	6540
8568	8292
8569	2319
8570	1155
8571	64275
8572	8255
8573	6146
8574	44058
8575	6928
8576	8410
8577	7384
8578	5031
8579	39425
8580	6427
8581	6839
8582	5828
8583	55110
8584	54094
8585	47148
8586	3607
8587	7699
8588	5276
8589	32149
8590	5433
8591	2039
8592	6387
8593	7021
8594	47810
8595	447
8596	7340
8597	1557
8598	1559
8599	1567
8600	1568
8601	6699
8602	6225
8603	5053
8604	5864
8605	7409
8606	5113
8607	6931
8608	5186
8609	7138
8610	6843
8611	46959
8612	7621
8613	52712
8614	7782
8615	27627
8616	2233
8617	3123
8618	44168
8619	33644
8620	5759
8621	1156
8622	4554
8623	9019
8624	5394
8625	6043
8626	6687
8627	6578
8628	6690
8629	7219
8630	7523
8631	32602
8632	55895
8633	4620
8634	6309
8635	4907
8636	5227
8637	6486
8638	4583
8639	6431
8640	6940
8641	6907
8642	56
8643	5988
8644	60503
8645	4825
8646	8536
8647	50447
8648	47940
8649	7168
8650	27851
8651	31553
8652	57401
8653	5850
8654	37955
8655	60411
8656	36523
8657	8727
8658	56141
8659	6604
8660	7645
8661	7230
8662	44189
8663	53349
8664	42007
8665	32314
8666	5347
8667	6899
8668	2298
8669	2309
8670	5161
8671	5263
8672	5770
8673	5848
